4
10
26
38
47
58
85
98
149
172
192
193
200
210
211
261
263
277
289
303
311
319
320
322
331
333
338
342
367
374
380
386
403
416
432
447
451
461
474
477
481
487
488
491
527
529
537
556
569
572
574
599
608
624
632
691
729
777
778
810
825
849
874
877
880
926
931
954
957
973
984
986
987
990
994
1002
1006
1015
1031
1049
1056
1094
1098
1160
1161
1173
1180
1191
1201
1225
1234
1260
1273
1282
1286
1289
1294
1301
1307
1325
1327
1340
1342
1353
1361
1364
1379
1391
1399
1465
1475
1477
1512
1526
1540
1553
1565
1579
1580
1591
1663
1669
1672
1675
1685
1729
1732
1743
1748
1757
1769
1789
1819
1838
1842
1869
1873
1922
1924
1933
1935
1980
1989
2005
2008
2011
2038
2050
2051
2063
2076
2085
2112
2130
2133
2134
2151
2152
2162
2183
2203
2234
2237
2248
2260
2263
2290
2308
2311
2319
2326
2331
2332
2358
2360
2368
2371
2373
2374
2380
2401
2422
2445
2469
2495
2529
2549
2584
2598
2602
2615
2633
2636
2661
2665
2679
2690
2692
2699
2700
2731
2756
2774
2775
2784
2812
2833
2842
2863
2882
2884
2891
2900
2901
2910
2914
2945
2947
2953
2981
3010
3049
3060
3070
3080
3082
3083
3094
3109
3143
3185
3206
3208
3215
3233
3235
3277
3279
3281
3286
3289
3291
3300
3352
3382
3386
3397
3415
3428
3482
3521
3550
3564
3569
3576
3592
3593
3602
3627
3650
3651
3655
3661
3665
3670
3673
3677
3679
3713
3726
3732
3751
3759
3760
3767
3775
3777
3778
3832
3856
3858
3861
3886
3887
3897
3944
3948
3951
3982
3989
4001
4015
4016
4051
4057
4067
4074
4087
4090
4107
4115
4127
4140
4141
4157
4166
4171
4189
4199
4207
4215
4248
4274
4415
4447
4479
4481
4487
4514
4523
4526
4549
4570
4577
4606
4629
4642
4644
4664
4665
4672
4693
4704
4743
4759
4778
4788
4794
4796
4810
4884
4899
4904
4907
4937
4944
4960
4967
4970
4977
5005
5028
5059
5062
5065
5066
5078
5093
5107
5125
5132
5137
5148
5185
5190
5201
5202
5217
5225
5288
5307
5318
5328
5357
5367
5372
5381
5414
5460
5468
5483
5542
5544
5570
5607
5610
5636
5640
5650
5742
5749
5757
5758
5759
5764
5770
5795
5815
5816
5829
5836
5852
5875
5882
5903
5922
5930
5941
5948
5950
5974
5997
6002
6026
6036
6038
6054
6056
6058
6122
6127
6132
6147
6149
6163
6177
6178
6180
6181
6186
6194
6196
6203
6227
6228
6231
6237
6262
6267
6277
6280
6286
6328
6333
6345
6348
6355
6386
6397
6423
6481
6488
6508
6554
6603
6620
6627
6648
6651
6655
6677
6700
6708
6709
6715
6732
6743
6746
6765
6786
6798
6800
6807
6817
6818
6831
6838
6853
6857
6905
6907
6910
6934
6946
6948
6961
6989
6994
7010
7051
7056
7109
7145
7181
7218
7239
7255
7260
7264
7282
7287
7307
7317
7323
7333
7378
7391
7409
7410
7411
7449
7450
7456
7460
7486
7541
7547
7564
7569
7586
7587
7588
7621
7694
7722
7723
7730
7740
7748
7779
7815
7818
7849
7861
7875
7882
7884
7901
7914
7925
7930
7977
8010
8012
8045
8048
8061
8069
8082
8088
8089
8108
8114
8120
8147
8200
8256
8265
8276
8291
8298
8312
8344
8346
8365
8377
8392
8415
8426
8427
8444
8460
8500
8504
8527
8539
8546
8598
8620
8649
8650
8663
8668
8716
8750
8799
8821
8845
8890
8977
9025
9055
9059
9060
9082
9084
9085
9088
9095
9173
9175
9187
9197
9198
9199
9214
9227
9235
9245
9248
9266
9278
9281
9292
9312
9320
9327
9328
9376
9387
9392
9410
9411
9423
9440
9450
9483
9488
9491
9497
9513
9520
9554
9573
9574
9583
9602
9605
9606
9607
9608
9626
9644
9654
9657
9665
9670
9694
9709
9710
9717
9718
9724
9735
9739
9740
9755
9764
9765
9769
9789
9800
9802
9813
9831
9846
9861
9893
9898
9922
9938
9944
9947
9956
9988
9993
10019
10031
10050
10065
10099
10103
10106
10123
10134
10147
10151
10160
10173
10189
10206
10208
10245
10248
10255
10274
10294
10295
10303
10342
10344
10356
10357
10358
10363
10371
10381
10392
10397
10398
10419
10429
10436
10484
10485
10510
10530
10539
10554
10557
10559
10570
10623
10630
10655
10662
10672
10674
10718
10732
10749
10752
10775
10800
10828
10838
10839
10843
10867
10876
10894
10901
10916
10977
10995
11016
11024
11027
11042
11047
11050
11055
11060
11068
11074
11083
11095
11108
11117
11128
11133
11157
11170
11175
11183
11193
11195
11198
11207
11209
11225
11249
11258
11262
11284
11306
11313
11342
11352
11372
11391
11400
11408
11426
11447
11459
11463
11469
11485
11486
11502
11509
11551
11561
11567
11573
11590
11593
11625
11638
11640
11657
11671
11737
11769
11800
11851
11901
11917
11932
11933
11935
12019
12021
12022
12027
12035
12036
12037
12042
12048
12092
12095
12099
12134
12139
12144
12148
12153
12162
12198
12225
12238
12244
12283
12292
12303
12304
12315
12323
12324
12335
12337
12345
12367
12383
12388
12432
12437
12454
12457
12461
12462
12477
12482
12483
12495
12503
12532
12549
12554
12555
12559
12564
12577
12578
12580
12586
12607
12610
12615
12626
12648
12678
12698
12733
12749
12775
12795
12799
12810
12823
12858
12893
12908
12912
12925
12928
12930
12968
12971
12981
12983
12985
12987
13006
13042
13043
13058
13059
13069
13073
13091
13115
13117
13140
13146
13157
13158
13166
13187
13198
13199
13200
13222
13223
13224
13233
13244
13250
13300
13302
13318
13339
13425
13429
13467
13495
13502
13525
13528
13529
13549
13554
13610
13650
13712
13713
13718
13752
13756
13763
13772
13782
13783
13863
13869
13891
13892
13916
13917
13919
13923
13925
13985
14049
14054
14071
14130
14178
14181
14238
14263
14290
14303
14312
14315
14323
14332
14333
14334
14337
14359
14380
14384
14405
14406
14409
14425
14464
14474
14479
14491
14505
14527
14551
14611
14612
14615
14620
14627
14645
14660
14677
14680
14704
14706
14707
14709
14742
14747
14754
14790
14818
14855
14857
14859
14860
14869
14876
14881
14904
14920
14946
14972
14994
14996
15041
15051
15058
15081
15082
15087
15098
15110
15113
15114
15152
15157
15161
15174
15180
15202
15204
15255
15259
15268
15285
15305
15353
15357
15358
15361
15436
15439
15443
15520
15560
15577
15580
15598
15628
15664
15668
15671
15672
15677
15679
15683
15716
15717
15723
15748
15749
15757
15819
15837
15845
15850
15851
15861
15894
15895
15916
15921
15944
15947
15963
15978
15983
15985
15986
16031
16043
16052
16061
16067
16068
16071
16077
16080
16085
16110
16111
16121
16127
16142
16148
16149
16182
16201
16207
16229
16234
16246
16270
16278
16321
16328
16338
16348
16360
16408
16417
16422
16427
16436
16446
16485
16497
16501
16503
16516
16530
16539
16545
16546
16552
16560
16563
16567
16571
16574
16589
16646
16650
16653
16656
16677
16681
16710
16731
16812
16815
16817
16819
16825
16830
16882
16899
16905
16906
16907
16913
16922
16923
16933
16934
16936
16942
16950
16957
16963
16980
16981
16988
17017
17058
17097
17116
17125
17159
17162
17164
17185
17197
17221
17224
17252
17303
17304
17310
17311
17315
17333
17355
17356
17375
17400
17401
17430
17432
17448
17476
17500
17515
17516
17538
17560
17561
17562
17565
17566
17567
17617
17632
17633
17638
17653
17662
17684
17686
17695
17700
17709
17733
17760
17769
17783
17803
17807
17810
17818
17820
17831
17834
17853
17856
17866
17876
17910
17915
17972
17994
18004
18037
18057
18063
18066
18104
18112
18119
18144
18158
18162
18163
18171
18177
18180
18192
18198
18199
18223
18224
18227
18234
18237
18244
18282
18287
18297
18298
18333
18334
18337
18346
18366
18385
18399
18409
18413
18448
18465
18495
18497
18522
18601
18633
18639
18668
18682
18698
18717
18719
18731
18740
18746
18751
18752
18764
18775
18788
18801
18815
18823
18832
18835
18837
18871
18889
18910
18946
18955
18956
18959
18982
18985
18987
18992
18998
19030
19033
19037
19050
19063
19073
19076
19080
19109
19112
19117
19127
19146
19147
19151
19153
19174
19187
19188
19189
19220
19221
19223
19229
19244
19260
19270
19279
19295
19319
19321
19340
19349
19355
19380
19408
19420
19422
19438
19441
19464
19476
19493
19541
19554
19589
19609
19644
19649
19652
19666
19672
19673
19674
19688
19695
19700
19703
19727
19730
19739
19762
19767
19768
19769
19775
19833
19854
19870
19885
19899
19911
19913
19915
19916
19920
19923
19943
19948
19968
19984
20025
20026
20027
20029
20034
20036
20041
20053
20064
20069
20095
20111
20152
20153
20174
20176
20181
20190
20205
20209
20225
20230
20233
20235
20241
20268
20290
20337
20344
20349
20360
20363
20380
20403
20433
20455
20465
20468
20494
20502
20510
20513
20535
20566
20607
20616
20645
20648
20650
20656
20659
20661
20667
20681
20718
20721
20722
20730
20778
20801
20820
20830
20834
20840
20847
20848
20866
20871
20878
20885
20888
20935
20950
20975
20980
20984
20986
20998
20999
21010
21023
21024
21040
21041
21047
21054
21088
21099
21125
21148
21162
21185
21207
21214
21228
21244
21263
21270
21273
21283
21292
21296
21310
21312
21317
21329
21331
21341
21369
21370
21372
21377
21387
21405
21432
21438
21439
21452
21482
21493
21497
21506
21513
21528
21529
21540
21542
21547
21563
21585
21604
21632
21633
21650
21692
21704
21727
21738
21752
21770
21791
21828
21840
21850
21858
21873
21890
21891
21894
21895
21896
21921
21956
21957
21962
21984
21993
21994
22002
22003
22029
22032
22037
22052
22071
22074
22075
22080
22106
22108
22109
22110
22121
22139
22152
22169
22181
22188
22195
22212
22218
22224
22225
22229
22234
22239
22243
22256
22262
22263
22271
22310
22320
22321
22324
22337
22348
22374
22375
22377
22379
22426
22436
22441
22448
22449
22451
22469
22481
22486
22536
22550
22553
22557
22558
22571
22573
22615
22620
22623
22624
22625
22628
22641
22662
22684
22693
22710
22714
22716
22726
22727
22731
22736
22743
22752
22769
22812
22832
22842
22851
22858
22865
22910
22912
22913
22929
22940
22946
22967
22970
22971
22974
22977
22983
23001
23012
23031
23052
23089
23094
23101
23105
23112
23149
23154
23164
23184
23206
23219
23249
23277
23331
23332
23342
23366
23382
23415
23433
23437
23446
23448
23449
23498
23510
23520
23532
23549
23553
23567
23576
23598
23615
23620
23623
23637
23687
23696
23705
23718
23747
23748
23757
23767
23789
23792
23813
23818
23833
23855
23859
23868
23872
23880
23882
23889
23913
23953
23959
23977
24012
24027
24039
24049
24052
24072
24075
24079
24092
24094
24099
24115
24127
24128
24143
24148
24161
24173
24209
24229
24246
24260
24294
24295
24297
24312
24321
24325
24337
24339
24342
24366
24369
24381
24383
24386
24392
24394
24401
24426
24443
24452
24456
24460
24501
24530
24541
24553
24554
24560
24562
24578
24590
24608
24645
24666
24673
24678
24816
24850
24853
24876
24898
24902
24905
24917
24947
24968
25005
25026
25050
25056
25059
25060
25092
25106
25107
25110
25119
25127
25131
25137
25160
25166
25186
25187
25194
25195
25206
25218
25225
25236
25250
25275
25284
25304
25306
25311
25321
25328
25331
25351
25357
25380
25404
25406
25417
25425
25443
25455
25472
25485
25511
25526
25564
25579
25585
25592
25616
25810
25824
25840
25852
25870
25872
25892
25906
25917
25920
25929
25934
25937
25938
25945
25948
25985
26001
26034
26040
26041
26050
26057
26062
26070
26079
26092
26096
26179
26183
26199
26205
26215
26228
26229
26235
26248
26274
26317
26338
26346
26347
26356
26390
26407
26408
26416
26423
26443
26488
26500
26508
26521
26523
26551
26557
26563
26565
26587
26598
26607
26612
26618
26631
26681
26693
26697
26701
26712
26722
26733
26740
26753
26759
26761
26802
26803
26811
26814
26828
26837
26843
26864
26879
26887
26892
26904
26917
26927
26975
26999
27037
27058
27094
27107
27112
27128
27134
27145
27147
27151
27176
27217
27255
27274
27286
27299
27311
27333
27345
27347
27351
27352
27359
27374
27435
27450
27486
27522
27572
27585
27603
27617
27618
27623
27633
27666
27702
27728
27743
27753
27759
27791
27792
27795
27821
27824
27826
27844
27851
27865
27874
27889
27900
27913
27917
27952
27960
27963
27964
27970
27971
27983
27990
27991
28013
28014
28016
28019
28027
28032
28033
28037
28040
28045
28087
28090
28107
28110
28130
28138
28154
28156
28206
28247
28252
28259
28269
28279
28297
28309
28353
28366
28369
28389
28395
28401
28423
28457
28473
28476
28496
28501
28505
28511
28519
28535
28536
28546
28547
28554
28560
28567
28572
28583
28599
28605
28612
28635
28646
28649
28673
28690
28694
28696
28736
28747
28750
28759
28770
28775
28780
28807
28811
28814
28821
28844
28866
28880
28911
28920
28943
28961
28980
29011
29016
29018
29040
29045
29065
29067
29079
29082
29094
29095
29118
29119
29123
29135
29142
29160
29162
29175
29183
29197
29200
29201
29217
29224
29233
29237
29258
29262
29304
29310
29323
29358
29373
29374
29385
29386
29394
29436
29459
29461
29463
29470
29474
29480
29482
29485
29500
29519
29524
29551
29570
29632
29652
29660
29684
29697
29719
29738
29742
29763
29764
29768
29776
29777
29819
29832
29833
29846
29891
29894
29900
29918
29920
29985
29987
30015
30027
30028
30041
30055
30114
30116
30117
30131
30134
30146
30174
30184
30199
30200
30201
30209
30211
30220
30225
30231
30254
30263
30290
30307
30320
30324
30325
30343
30346
30348
30377
30393
30416
30427
30448
30465
30494
30533
30540
30546
30559
30561
30566
30592
30603
30605
30610
30639
30649
30650
30665
30702
30703
30707
30710
30721
30762
30763
30775
30778
30805
30831
30837
30861
30881
30883
30894
30900
30917
30931
30933
30938
30952
30957
30974
30975
30981
31013
31014
31019
31021
31041
31043
31051
31054
31057
31062
31067
31070
31073
31077
31080
31081
31096
31106
31110
31130
31137
31155
31181
31201
31202
31226
31234
31235
31249
31264
31267
31275
31338
31342
31343
31351
31363
31380
31398
31402
31406
31426
31429
31434
31444
31456
31461
31464
31473
31474
31479
31516
31555
31581
31582
31587
31613
31620
31649
31652
31675
31682
31705
31710
31732
31743
31754
31761
31762
31784
31803
31804
31829
31862
31873
31921
31931
31935
31939
31954
31955
31968
32008
32009
32035
32085
32086
32100
32161
32162
32167
32172
32175
32182
32208
32209
32220
32224
32227
32249
32253
32255
32261
32276
32283
32292
32294
32335
32349
32358
32364
32369
32385
32417
32429
32435
32436
32440
32444
32456
32470
32492
32538
32541
32561
32566
32571
32589
32596
32608
32619
32620
32634
32636
32649
32664
32674
32687
32691
32693
32708
32740
32741
32750
32754
32782
32800
32807
32816
32818
32857
32860
32891
32903
32912
32939
32943
32946
32984
33028
33036
33040
33084
33090
33091
33095
33129
33162
33226
33248
33251
33255
33258
33275
33279
33283
33291
33305
33315
33317
33326
33339
33350
33351
33352
33399
33412
33446
33449
33488
33503
33504
33506
33508
33509
33533
33547
33562
33588
33607
33616
33642
33644
33645
33654
33682
33683
33688
33718
33729
33754
33780
33788
33794
33808
33811
33817
33825
33827
33835
33863
33871
33886
33888
33896
33930
33932
33936
33951
33960
33964
33993
34000
34006
34017
34026
34036
34045
34067
34071
34100
34106
34163
34171
34189
34205
34231
34237
34245
34280
34338
34349
34369
34374
34387
34388
34403
34417
34419
34441
34452
34456
34473
34488
34536
34544
34561
34569
34582
34592
34594
34598
34614
34637
34662
34686
34689
34700
34719
34721
34730
34732
34736
34737
34749
34761
34790
34805
34839
34859
34906
34921
34953
34955
34970
34971
34984
34999
35000
35004
35016
35017
35019
35024
35103
35115
35116
35117
35133
35151
35159
35177
35184
35185
35189
35198
35202
35205
35264
35281
35291
35303
35346
35369
35376
35379
35396
35417
35420
35435
35438
35444
35456
35468
35493
35543
35549
35573
35576
35577
35614
35633
35635
35636
35667
35671
35685
35725
35735
35737
35747
35752
35771
35788
35789
35819
35824
35825
35856
35860
35861
35868
35886
35899
35914
35921
35923
35936
35962
36009
36017
36056
36061
36063
36065
36088
36096
36106
36122
36134
36135
36146
36162
36164
36199
36235
36250
36265
36286
36288
36289
36293
36318
36336
36359
36363
36364
36370
36379
36387
36393
36401
36429
36437
36443
36449
36462
36463
36491
36497
36501
36549
36550
36562
36565
36595
36597
36607
36621
36622
36625
36642
36646
36661
36690
36700
36706
36720
36723
36758
36775
36792
36802
36807
36812
36813
36815
36854
36939
36944
37002
37008
37010
37026
37035
37045
37052
37098
37115
37117
37141
37150
37156
37197
37250
37260
37261
37276
37285
37286
37306
37309
37310
37319
37324
37361
37366
37394
37404
37419
37444
37464
37465
37471
37474
37488
37492
37494
37498
37514
37515
37557
37588
37600
37617
37620
37637
37640
37660
37665
37683
37686
37689
37693
37729
37748
37749
37785
37792
37796
37799
37809
37814
37817
37827
37828
37841
37848
37851
37858
37866
37883
37893
37911
37924
37927
37959
37975
37984
37996
38004
38007
38012
38045
38046
38055
38066
38080
38082
38086
38088
38102
38116
38120
38144
38147
38154
38155
38162
38164
38165
38200
38207
38213
38232
38233
38236
38271
38288
38302
38320
38324
38332
38347
38374
38379
38423
38432
38452
38467
38503
38505
38508
38552
38576
38591
38593
38627
38653
38658
38666
38719
38769
38775
38789
38792
38839
38860
38871
38892
38895
38919
38936
38959
38972
38974
38980
38997
39013
39019
39022
39054
39070
39071
39093
39117
39122
39135
39165
39172
39175
39208
39234
39237
39238
39242
39244
39261
39266
39267
39293
39306
39312
39343
39359
39361
39378
39414
39420
39455
39456
39463
39468
39499
39509
39512
39545
39614
39617
39627
39671
39686
39732
39751
39775
39790
39801
39822
39840
39843
39848
39850
39855
39860
39909
39912
39913
39914
39917
39929
39950
39953
39975
40015
40019
40025
40043
40059
40083
40087
40121
40156
40171
40186
40201
40245
40257
40262
40283
40286
40293
40296
40343
40352
40396
40397
40402
40405
40475
40484
40498
40510
40575
40586
40587
40606
40608
40657
40658
40680
40682
40726
40752
40754
40766
40776
40791
40792
40828
40866
40874
40878
40879
40881
40917
40920
40943
40969
40970
40978
40985
40986
40988
40995
41009
41017
41027
41028
41043
41061
41071
41080
41162
41175
41177
41193
41195
41217
41218
41240
41250
41258
41292
41296
41309
41338
41343
41367
41380
41386
41416
41429
41436
41447
41448
41468
41529
41548
41561
41568
41583
41595
41596
41618
41651
41683
41698
41704
41709
41715
41722
41723
41728
41729
41787
41793
41830
41833
41835
41870
41873
41878
41886
41900
41931
41936
41942
41950
41972
41984
41985
41987
41988
