4
10
13
20
25
26
38
47
58
71
76
85
98
122
138
139
142
145
148
149
172
192
193
200
210
211
213
216
227
234
246
250
261
262
263
275
277
279
289
290
300
303
309
311
319
320
322
331
333
338
342
345
363
366
367
374
376
380
386
403
416
432
447
451
459
461
474
477
481
487
488
491
498
527
529
537
556
561
569
572
574
581
582
593
596
599
608
624
627
632
635
691
695
706
728
729
777
778
780
782
804
807
810
825
849
866
874
877
880
883
919
926
931
954
957
964
973
984
986
987
990
994
998
999
1002
1006
1009
1015
1031
1034
1043
1049
1051
1056
1063
1073
1085
1088
1094
1098
1119
1135
1140
1142
1160
1161
1173
1180
1187
1191
1201
1209
1225
1232
1234
1260
1273
1282
1286
1289
1291
1294
1301
1307
1321
1325
1327
1333
1340
1342
1349
1353
1361
1364
1368
1379
1384
1389
1391
1399
1431
1433
1465
1475
1477
1495
1509
1512
1518
1525
1526
1530
1535
1539
1540
1553
1565
1579
1580
1591
1626
1656
1663
1669
1672
1675
1685
1693
1707
1726
1729
1732
1743
1748
1757
1769
1780
1788
1789
1796
1805
1807
1819
1838
1842
1869
1873
1891
1896
1910
1922
1924
1933
1935
1950
1951
1980
1982
1989
1995
1997
2005
2008
2011
2032
2037
2038
2050
2051
2052
2063
2069
2076
2085
2094
2096
2111
2112
2130
2133
2134
2151
2152
2162
2178
2179
2183
2203
2234
2237
2245
2248
2260
2263
2290
2308
2311
2319
2326
2327
2330
2331
2332
2334
2338
2358
2359
2360
2368
2371
2373
2374
2380
2401
2421
2422
2426
2432
2436
2445
2469
2477
2489
2495
2529
2545
2549
2561
2574
2582
2584
2588
2594
2598
2602
2603
2615
2622
2627
2630
2633
2636
2661
2665
2679
2690
2692
2699
2700
2722
2731
2756
2772
2774
2775
2784
2812
2833
2842
2863
2864
2882
2883
2884
2891
2900
2901
2906
2910
2914
2940
2945
2947
2950
2953
2961
2981
2984
2991
3007
3010
3030
3049
3060
3070
3080
3082
3083
3086
3089
3094
3109
3140
3143
3153
3185
3206
3208
3212
3215
3221
3233
3235
3277
3279
3281
3286
3289
3291
3293
3300
3308
3316
3346
3352
3364
3382
3386
3397
3415
3428
3429
3464
3482
3486
3521
3537
3545
3550
3564
3569
3576
3587
3592
3593
3602
3627
3646
3650
3651
3655
3661
3665
3670
3673
3677
3679
3684
3698
3713
3726
3732
3751
3759
3760
3766
3767
3775
3777
3778
3790
3805
3832
3845
3856
3858
3861
3886
3887
3897
3900
3944
3948
3951
3982
3989
3998
4001
4009
4015
4016
4018
4051
4057
4067
4074
4087
4090
4096
4106
4107
4108
4113
4115
4127
4130
4131
4140
4141
4157
4166
4171
4189
4199
4207
4210
4215
4223
4226
4236
4242
4248
4256
4274
4348
4351
4353
4372
4415
4447
4453
4457
4467
4479
4481
4487
4514
4517
4523
4526
4548
4549
4561
4570
4577
4591
4606
4629
4632
4642
4644
4650
4664
4665
4672
4676
4693
4704
4734
4743
4759
4778
4788
4794
4796
4810
4828
4884
4899
4902
4904
4905
4907
4937
4941
4944
4960
4967
4970
4975
4977
5005
5023
5028
5039
5057
5059
5062
5065
5066
5068
5078
5093
5102
5104
5105
5107
5125
5132
5137
5138
5148
5162
5185
5190
5201
5202
5205
5207
5209
5217
5225
5288
5292
5307
5318
5328
5341
5343
5354
5357
5359
5367
5369
5372
5379
5380
5381
5414
5427
5431
5442
5455
5460
5465
5468
5483
5490
5525
5541
5542
5544
5559
5564
5570
5574
5607
5610
5616
5636
5640
5650
5682
5721
5734
5738
5740
5742
5749
5757
5758
5759
5764
5770
5774
5795
5804
5815
5816
5822
5829
5836
5852
5875
5882
5896
5903
5921
5922
5930
5941
5948
5950
5974
5977
5993
5997
6002
6004
6012
6026
6031
6036
6038
6053
6054
6056
6058
6064
6073
6104
6110
6114
6116
6122
6126
6127
6132
6135
6147
6149
6163
6177
6178
6180
6181
6183
6186
6194
6196
6197
6203
6213
6225
6227
6228
6231
6237
6245
6259
6261
6262
6267
6273
6277
6280
6286
6293
6314
6328
6333
6334
6345
6346
6348
6355
6367
6386
6397
6423
6438
6449
6457
6478
6481
6488
6495
6508
6542
6544
6545
6550
6554
6561
6588
6603
6607
6610
6620
6627
6642
6648
6651
6655
6677
6700
6708
6709
6715
6732
6743
6746
6756
6765
6786
6798
6800
6807
6817
6818
6831
6838
6847
6853
6857
6901
6902
6905
6907
6910
6932
6934
6946
6948
6961
6986
6989
6994
7010
7026
7051
7056
7109
7119
7145
7181
7218
7235
7239
7253
7255
7260
7264
7268
7269
7275
7282
7287
7307
7317
7323
7333
7344
7361
7363
7378
7391
7393
7409
7410
7411
7415
7437
7449
7450
7456
7460
7486
7530
7541
7542
7547
7564
7569
7571
7586
7587
7588
7594
7604
7621
7650
7651
7694
7706
7722
7723
7730
7733
7737
7740
7748
7752
7767
7779
7789
7803
7815
7818
7841
7849
7852
7861
7875
7879
7882
7884
7887
7901
7902
7912
7914
7925
7929
7930
7951
7953
7954
7977
7980
7981
8010
8011
8012
8045
8048
8051
8061
8064
8069
8082
8088
8089
8106
8108
8111
8114
8120
8147
8148
8158
8195
8197
8200
8206
8239
8243
8256
8262
8265
8276
8290
8291
8298
8312
8328
8344
8346
8347
8349
8357
8365
8377
8379
8392
8415
8425
8426
8427
8444
8460
8475
8478
8500
8504
8527
8528
8529
8539
8546
8561
8581
8584
8585
8592
8598
8614
8617
8618
8620
8625
8630
8632
8640
8645
8649
8650
8663
8668
8670
8684
8714
8716
8750
8757
8798
8799
8817
8821
8833
8845
8874
8890
8930
8936
8976
8977
9025
9055
9059
9060
9079
9082
9084
9085
9088
9089
9093
9094
9095
9141
9173
9175
9187
9195
9196
9197
9198
9199
9214
9227
9231
9232
9235
9245
9248
9266
9278
9281
9292
9296
9297
9312
9320
9327
9328
9333
9337
9369
9376
9381
9382
9387
9392
9404
9406
9410
9411
9423
9440
9450
9482
9483
9488
9491
9497
9513
9520
9535
9546
9551
9554
9565
9573
9574
9583
9602
9605
9606
9607
9608
9626
9640
9644
9654
9657
9658
9665
9670
9671
9689
9692
9694
9709
9710
9717
9718
9721
9722
9724
9735
9739
9740
9755
9764
9765
9769
9789
9800
9802
9813
9825
9831
9846
9861
9885
9893
9898
9918
9922
9938
9944
9947
9956
9972
9985
9988
9993
10019
10029
10031
10035
10042
10050
10051
10065
10078
10096
10099
10103
10106
10107
10123
10134
10147
10151
10160
10173
10186
10189
10206
10208
10229
10245
10248
10250
10251
10255
10269
10274
10294
10295
10303
10317
10320
10342
10344
10356
10357
10358
10363
10368
10371
10381
10390
10391
10392
10393
10397
10398
10406
10419
10429
10431
10436
10464
10484
10485
10505
10510
10522
10525
10530
10539
10554
10557
10559
10564
10570
10573
10601
10623
10630
10636
10655
10662
10666
10672
10674
10681
10685
10709
10718
10732
10734
10741
10749
10752
10766
10775
10800
10828
10838
10839
10843
10847
10848
10863
10865
10867
10873
10876
10882
10890
10894
10900
10901
10910
10916
10937
10945
10958
10961
10967
10977
10995
10997
11016
11024
11027
11038
11042
11047
11050
11053
11055
11060
11068
11070
11074
11080
11081
11083
11094
11095
11108
11117
11119
11128
11133
11157
11170
11175
11183
11191
11192
11193
11195
11198
11199
11207
11209
11223
11225
11236
11249
11253
11258
11262
11273
11284
11291
11299
11306
11313
11342
11345
11352
11362
11371
11372
11391
11393
11400
11408
11418
11426
11439
11441
11447
11456
11459
11463
11469
11485
11486
11493
11502
11509
11530
11547
11551
11552
11561
11567
11572
11573
11590
11593
11599
11619
11625
11632
11638
11640
11657
11660
11671
11679
11694
11701
11708
11725
11737
11755
11769
11778
11800
11826
11835
11851
11882
11901
11917
11932
11933
11935
12001
12006
12008
12014
12019
12021
12022
12027
12035
12036
12037
12042
12048
12058
12066
12073
12092
12095
12099
12114
12134
12139
12144
12148
12152
12153
12158
12162
12172
12198
12217
12225
12229
12232
12238
12244
12249
12265
12266
12283
12286
12288
12292
12303
12304
12315
12319
12323
12324
12329
12335
12337
12340
12342
12345
12367
12383
12384
12388
12432
12437
12454
12457
12461
12462
12477
12482
12483
12493
12495
12503
12504
12525
12529
12532
12549
12554
12555
12559
12562
12564
12577
12578
12580
12586
12607
12610
12615
12623
12626
12648
12663
12678
12690
12698
12700
12713
12733
12749
12750
12775
12781
12783
12795
12799
12810
12823
12828
12830
12831
12835
12836
12858
12864
12867
12868
12873
12884
12893
12908
12912
12916
12919
12921
12925
12928
12930
12944
12947
12964
12968
12971
12981
12983
12985
12986
12987
12992
13006
13022
13037
13042
13043
13044
13051
13058
13059
13069
13071
13073
13084
13090
13091
13098
13103
13115
13117
13132
13140
13146
13157
13158
13166
13186
13187
13198
13199
13200
13222
13223
13224
13228
13231
13233
13239
13244
13245
13250
13268
13300
13302
13318
13329
13339
13357
13415
13418
13425
13429
13441
13455
13467
13478
13488
13495
13497
13502
13525
13528
13529
13541
13549
13554
13574
13594
13610
13623
13649
13650
13667
13669
13675
13679
13712
13713
13717
13718
13739
13752
13756
13760
13763
13772
13782
13783
13798
13841
13844
13850
13856
13863
13869
13891
13892
13905
13911
13916
13917
13919
13921
13923
13924
13925
13972
13981
13985
14008
14022
14049
14054
14071
14072
14075
14110
14130
14140
14169
14178
14181
14203
14226
14238
14255
14263
14264
14273
14278
14290
14303
14312
14315
14323
14332
14333
14334
14336
14337
14359
14380
14384
14389
14400
14405
14406
14408
14409
14425
14435
14445
14449
14453
14454
14457
14464
14465
14474
14479
14487
14488
14491
14505
14524
14527
14551
14554
14571
14598
14611
14612
14615
14620
14621
14627
14645
14659
14660
14661
14667
14677
14680
14684
14694
14695
14704
14706
14707
14709
14732
14742
14747
14754
14761
14777
14790
14818
14822
14831
14855
14857
14859
14860
14869
14876
14878
14881
14884
14895
14904
14909
14920
14926
14934
14943
14945
14946
14969
14972
14982
14994
14996
15031
15036
15037
15041
15051
15057
15058
15059
15081
15082
15087
15098
15110
15113
15114
15141
15152
15154
15157
15161
15171
15174
15175
15180
15185
15186
15202
15204
15219
15222
15244
15245
15255
15259
15264
15268
15285
15305
15349
15353
15357
15358
15361
15368
15369
15401
15413
15424
15436
15439
15443
15477
15478
15480
15506
15520
15560
15568
15577
15580
15597
15598
15604
15613
15628
15664
15668
15671
15672
15677
15679
15683
15691
15699
15705
15712
15716
15717
15723
15730
15742
15748
15749
15757
15788
15819
15828
15837
15840
15843
15845
15848
15850
15851
15861
15869
15894
15895
15916
15921
15924
15944
15947
15963
15978
15983
15985
15986
16019
16031
16043
16052
16061
16067
16068
16071
16077
16079
16080
16085
16110
16111
16121
16124
16127
16142
16148
16149
16166
16167
16168
16182
16201
16205
16207
16222
16229
16231
16234
16246
16255
16270
16278
16299
16305
16321
16328
16329
16338
16348
16360
16368
16397
16403
16408
16411
16417
16422
16427
16436
16446
16485
16497
16501
16503
16516
16530
16539
16541
16545
16546
16552
16560
16563
16567
16571
16574
16589
16607
16608
16613
16637
16646
16650
16653
16656
16661
16663
16677
16681
16682
16684
16710
16731
16746
16762
16764
16812
16815
16817
16818
16819
16825
16830
16833
16849
16868
16869
16882
16883
16891
16899
16900
16901
16905
16906
16907
16909
16912
16913
16920
16922
16923
16933
16934
16936
16939
16942
16945
16950
16957
16961
16963
16980
16981
16987
16988
17011
17014
17017
17036
17047
17048
17058
17083
17090
17095
17097
17099
17103
17116
17119
17125
17159
17162
17164
17170
17183
17184
17185
17197
17207
17210
17218
17221
17223
17224
17225
17247
17252
17303
17304
17310
17311
17315
17331
17333
17355
17356
17357
17364
17375
17400
17401
17402
17427
17430
17432
17439
17448
17451
17476
17479
17500
17515
17516
17519
17530
17538
17560
17561
17562
17565
17566
17567
17588
17602
17605
17617
17619
17632
17633
17638
17653
17662
17684
17686
17694
17695
17696
17700
17706
17709
17733
17760
17763
17769
17783
17785
17786
17803
17805
17807
17810
17818
17820
17826
17831
17834
17853
17856
17866
17876
17890
17910
17915
17972
17982
17994
18004
18008
18026
18037
18038
18050
18057
18058
18063
18066
18070
18082
18089
18104
18112
18119
18144
18158
18162
18163
18171
18172
18177
18179
18180
18192
18198
18199
18201
18209
18218
18223
18224
18227
18234
18237
18242
18244
18269
18282
18287
18292
18297
18298
18333
18334
18337
18346
18366
18367
18372
18374
18378
18383
18384
18385
18399
18409
18412
18413
18433
18448
18449
18465
18495
18497
18522
18535
18536
18555
18601
18633
18639
18655
18668
18678
18682
18698
18706
18717
18719
18728
18731
18739
18740
18741
18746
18747
18751
18752
18764
18775
18777
18787
18788
18801
18815
18823
18832
18835
18837
18871
18885
18889
18894
18910
18946
18953
18955
18956
18959
18962
18966
18968
18982
18985
18987
18992
18998
19030
19033
19037
19050
19063
19073
19076
19080
19109
19112
19117
19120
19127
19139
19146
19147
19151
19153
19170
19174
19179
19187
19188
19189
19201
19219
19220
19221
19222
19223
19228
19229
19244
19260
19261
19270
19279
19280
19290
19295
19314
19319
19321
19334
19340
19349
19355
19366
19380
19390
19408
19420
19422
19433
19438
19441
19457
19464
19476
19493
19506
19511
19521
19522
19525
19541
19554
19558
19589
19609
19614
19640
19644
19649
19652
19664
19666
19672
19673
19674
19688
19692
19695
19700
19703
19723
19727
19730
19731
19735
19739
19762
19765
19767
19768
19769
19770
19775
19793
19794
19828
19833
19854
19869
19870
19878
19885
19899
19911
19913
19915
19916
19920
19923
19937
19943
19948
19951
19962
19968
19984
20019
20025
20026
20027
20029
20033
20034
20036
20041
20051
20053
20064
20069
20095
20102
20111
20152
20153
20174
20176
20179
20181
20187
20190
20205
20209
20225
20230
20233
20235
20241
20248
20259
20263
20268
20290
20337
20344
20349
20360
20363
20380
20403
20404
20433
20455
20465
20468
20479
20494
20502
20510
20513
20514
20530
20535
20539
20540
20566
20607
20616
20627
20644
20645
20648
20650
20652
20656
20659
20661
20667
20681
20708
20718
20721
20722
20727
20730
20750
20778
20801
20802
20803
20808
20809
20820
20830
20834
20840
20847
20848
20866
20871
20878
20885
20888
20903
20935
20950
20975
20980
20984
20986
20987
20993
20998
20999
21010
21016
21023
21024
21037
21040
21041
21047
21052
21054
21088
21093
21099
21104
21125
21127
21132
21136
21148
21156
21159
21161
21162
21185
21194
21207
21214
21222
21228
21244
21245
21262
21263
21264
21270
21273
21283
21292
21296
21307
21310
21312
21315
21317
21329
21331
21341
21369
21370
21372
21377
21387
21389
21404
21405
21427
21432
21438
21439
21452
21453
21457
21482
21483
21486
21493
21497
21506
21511
21513
21516
21524
21528
21529
21540
21542
21547
21563
21580
21585
21604
21621
21626
21632
21633
21646
21650
21692
21695
21700
21704
21726
21727
21738
21752
21764
21770
21771
21780
21782
21791
21808
21826
21828
21839
21840
21841
21850
21858
21873
21890
21891
21894
21895
21896
21898
21905
21921
21942
21946
21956
21957
21962
21963
21984
21993
21994
22002
22003
22029
22032
22037
22052
22059
22071
22074
22075
22080
22100
22106
22108
22109
22110
22114
22121
22126
22133
22139
22142
22152
22157
22169
22173
22181
22184
22188
22195
22196
22200
22212
22218
22224
22225
22226
22229
22234
22239
22243
22256
22262
22263
22271
22282
22310
22320
22321
22324
22337
22348
22374
22375
22377
22379
22383
22398
22414
22426
22431
22436
22441
22448
22449
22451
22464
22469
22477
22481
22486
22536
22547
22550
22553
22557
22558
22560
22568
22569
22571
22573
22574
22615
22620
22623
22624
22625
22628
22634
22641
22651
22653
22658
22662
22675
22677
22684
22693
22704
22710
22714
22716
22726
22727
22731
22733
22734
22736
22742
22743
22748
22752
22769
22779
22812
22826
22832
22834
22842
22851
22858
22865
22877
22910
22912
22913
22929
22940
22946
22960
22967
22970
22971
22974
22977
22980
22983
22996
23001
23012
23031
23045
23052
23060
23089
23094
23101
23105
23112
23149
23154
23164
23184
23185
23206
23219
23234
23249
23259
23264
23277
23291
23328
23331
23332
23342
23366
23382
23390
23391
23393
23415
23430
23433
23435
23437
23446
23447
23448
23449
23454
23495
23498
23508
23510
23511
23520
23532
23549
23553
23567
23572
23576
23581
23595
23596
23598
23615
23620
23623
23637
23646
23657
23670
23671
23687
23696
23705
23708
23718
23728
23730
23747
23748
23755
23757
23767
23785
23788
23789
23790
23792
23800
23813
23818
23833
23855
23859
23868
23872
23880
23881
23882
23889
23891
23896
23902
23913
23922
23953
23956
23959
23963
23977
24012
24019
24020
24027
24028
24039
24044
24049
24052
24054
24072
24075
24079
24088
24091
24092
24094
24099
24115
24119
24120
24127
24128
24131
24136
24143
24148
24161
24173
24198
24200
24201
24202
24209
24229
24242
24246
24254
24260
24267
24294
24295
24297
24312
24321
24324
24325
24336
24337
24339
24342
24366
24369
24376
24381
24382
24383
24386
24391
24392
24394
24396
24398
24401
24403
24426
24443
24452
24456
24460
24464
24466
24472
24501
24530
24541
24543
24546
24549
24553
24554
24558
24560
24562
24563
24568
24574
24578
24586
24590
24595
24601
24608
24628
24645
24651
24666
24673
24678
24716
24726
24774
24783
24816
24822
24826
24832
24848
24850
24853
24876
24898
24902
24905
24917
24919
24947
24968
24969
24980
24981
25000
25005
25010
25026
25027
25041
25049
25050
25054
25056
25059
25060
25092
25093
25106
25107
25110
25119
25127
25131
25137
25153
25160
25166
25168
25186
25187
25191
25194
25195
25199
25201
25202
25206
25218
25225
25229
25236
25237
25250
25275
25277
25284
25304
25306
25311
25321
25328
25331
25351
25357
25377
25380
25389
25390
25404
25406
25417
25425
25441
25443
25455
25461
25472
25485
25496
25503
25505
25511
25523
25526
25529
25546
25564
25579
25585
25592
25616
25734
25781
25810
25820
25821
25824
25840
25842
25846
25852
25869
25870
25872
25876
25892
25906
25917
25920
25921
25929
25934
25937
25938
25943
25945
25948
25963
25985
25988
26001
26034
26040
26041
26050
26057
26062
26068
26070
26079
26092
26096
26099
26104
26106
26127
26145
26153
26179
26180
26181
26183
26186
26192
26198
26199
26201
26202
26205
26206
26207
26209
26215
26221
26225
26228
26229
26235
26246
26248
26253
26269
26274
26300
26317
26333
26338
26339
26340
26341
26346
26347
26356
26380
26389
26390
26402
26404
26407
26408
26416
26423
26435
26443
26478
26484
26488
26500
26508
26519
26520
26521
26523
26535
26551
26554
26557
26563
26565
26572
26587
26593
26598
26607
26612
26618
26631
26649
26650
26656
26681
26687
26693
26697
26701
26712
26720
26722
26733
26740
26741
26751
26753
26755
26759
26761
26785
26791
26795
26802
26803
26811
26814
26823
26828
26837
26843
26864
26879
26887
26892
26904
26917
26927
26945
26975
26999
27010
27011
27031
27037
27058
27071
27094
27096
27107
27112
27113
27128
27131
27134
27145
27147
27151
27152
27154
27157
27161
27176
27191
27197
27214
27217
27236
27255
27261
27267
27270
27274
27286
27296
27299
27302
27311
27325
27333
27345
27347
27350
27351
27352
27359
27369
27374
27421
27434
27435
27450
27454
27461
27486
27522
27528
27552
27561
27570
27572
27583
27585
27593
27596
27603
27611
27617
27618
27623
27629
27633
27651
27652
27656
27666
27677
27681
27702
27705
27706
27709
27716
27728
27735
27742
27743
27744
27753
27757
27759
27771
27776
27791
27792
27795
27800
27815
27821
27824
27826
27839
27844
27851
27865
27867
27870
27874
27889
27900
27904
27913
27917
27922
27929
27930
27946
27952
27960
27963
27964
27966
27970
27971
27977
27981
27983
27990
27991
27996
28013
28014
28016
28019
28027
28032
28033
28037
28040
28045
28057
28063
28087
28090
28092
28099
28107
28109
28110
28124
28130
28132
28138
28153
28154
28156
28206
28208
28219
28223
28225
28241
28245
28247
28252
28259
28269
28279
28280
28297
28309
28312
28323
28338
28353
28357
28360
28364
28366
28369
28389
28395
28401
28411
28412
28423
28436
28457
28460
28473
28476
28488
28496
28501
28505
28506
28511
28513
28519
28535
28536
28540
28546
28547
28554
28560
28567
28572
28583
28593
28599
28605
28606
28611
28612
28635
28639
28646
28649
28652
28671
28673
28678
28690
28694
28696
28736
28740
28747
28750
28757
28759
28767
28770
28775
28780
28794
28797
28804
28807
28810
28811
28814
28815
28816
28821
28828
28829
28844
28866
28880
28891
28894
28908
28911
28916
28920
28921
28943
28949
28961
28974
28980
28989
28996
28998
29006
29011
29012
29016
29018
29027
29034
29040
29044
29045
29065
29067
29079
29080
29081
29082
29085
29094
29095
29114
29118
29119
29120
29123
29135
29142
29145
29158
29160
29162
29163
29175
29183
29197
29200
29201
29205
29217
29224
29233
29236
29237
29239
29243
29258
29262
29265
29268
29304
29310
29323
29327
29356
29358
29361
29373
29374
29385
29386
29393
29394
29436
29459
29461
29463
29470
29473
29474
29480
29482
29485
29490
29500
29501
29515
29519
29524
29551
29570
29574
29575
29617
29632
29652
29657
29660
29678
29684
29697
29699
29719
29735
29738
29742
29763
29764
29768
29769
29776
29777
29802
29805
29819
29832
29833
29839
29846
29891
29894
29900
29918
29919
29920
29928
29954
29966
29967
29968
29985
29987
29992
30015
30027
30028
30030
30041
30055
30075
30091
30105
30114
30116
30117
30126
30130
30131
30134
30146
30152
30174
30184
30195
30199
30200
30201
30209
30211
30220
30225
30231
30237
30241
30254
30263
30264
30286
30290
30305
30306
30307
30317
30320
30324
30325
30333
30338
30343
30346
30348
30376
30377
30389
30393
30416
30422
30427
30429
30448
30460
30463
30465
30494
30520
30533
30539
30540
30546
30547
30559
30561
30566
30578
30592
30603
30605
30609
30610
30639
30649
30650
30657
30665
30691
30694
30702
30703
30704
30707
30710
30721
30735
30762
30763
30775
30778
30801
30805
30831
30837
30858
30861
30881
30883
30894
30900
30909
30915
30917
30931
30933
30935
30938
30943
30952
30957
30960
30962
30974
30975
30981
30988
31013
31014
31019
31021
31030
31041
31043
31046
31051
31054
31057
31062
31067
31070
31073
31077
31080
31081
31084
31096
31097
31098
31106
31110
31130
31133
31137
31155
31169
31171
31172
31181
31193
31201
31202
31226
31231
31234
31235
31249
31264
31267
31275
31305
31316
31321
31338
31342
31343
31351
31354
31363
31375
31380
31398
31402
31403
31404
31405
31406
31426
31429
31434
31444
31456
31461
31464
31473
31474
31478
31479
31513
31516
31519
31544
31546
31555
31581
31582
31587
31613
31620
31649
31652
31654
31669
31675
31682
31690
31705
31710
31712
31732
31733
31743
31745
31754
31761
31762
31773
31783
31784
31803
31804
31806
31820
31829
31862
31866
31873
31889
31901
31912
31921
31931
31935
31937
31938
31939
31954
31955
31968
31969
31970
31983
32008
32009
32011
32035
32055
32085
32086
32092
32100
32111
32121
32128
32155
32160
32161
32162
32167
32172
32175
32182
32197
32208
32209
32220
32224
32227
32237
32249
32253
32255
32261
32276
32283
32289
32290
32291
32292
32294
32311
32316
32318
32335
32343
32349
32358
32364
32368
32369
32380
32385
32417
32426
32429
32431
32435
32436
32440
32441
32444
32451
32456
32470
32475
32481
32484
32492
32494
32495
32525
32527
32530
32536
32538
32539
32541
32561
32566
32569
32571
32589
32596
32608
32619
32620
32634
32636
32649
32664
32674
32687
32690
32691
32693
32703
32708
32722
32740
32741
32750
32754
32772
32782
32795
32797
32800
32804
32807
32816
32818
32829
32857
32860
32881
32891
32903
32912
32915
32923
32927
32938
32939
32943
32946
32960
32984
32987
33000
33009
33017
33028
33036
33040
33063
33072
33084
33090
33091
33095
33129
33162
33188
33208
33226
33235
33248
33251
33255
33258
33260
33275
33279
33283
33287
33291
33305
33312
33315
33317
33326
33339
33340
33347
33350
33351
33352
33366
33373
33398
33399
33412
33433
33445
33446
33449
33479
33480
33488
33491
33502
33503
33504
33506
33508
33509
33516
33524
33525
33533
33539
33547
33548
33562
33588
33607
33616
33620
33638
33639
33642
33644
33645
33654
33682
33683
33688
33714
33718
33729
33733
33735
33754
33780
33788
33794
33808
33811
33817
33825
33827
33835
33854
33863
33871
33886
33888
33896
33904
33920
33921
33922
33930
33932
33936
33945
33951
33960
33964
33978
33987
33993
34000
34004
34006
34017
34021
34026
34030
34036
34045
34067
34071
34100
34106
34133
34146
34163
34164
34168
34171
34189
34205
34229
34231
34237
34245
34260
34271
34278
34280
34337
34338
34341
34349
34350
34364
34369
34370
34374
34376
34387
34388
34395
34403
34409
34416
34417
34419
34421
34441
34452
34456
34465
34473
34488
34524
34526
34535
34536
34544
34561
34564
34569
34581
34582
34592
34594
34598
34614
34616
34631
34637
34652
34654
34662
34667
34669
34686
34689
34700
34719
34721
34728
34730
34732
34736
34737
34747
34749
34752
34761
34763
34770
34790
34805
34811
34839
34841
34842
34845
34852
34859
34863
34888
34906
34911
34921
34949
34950
34951
34953
34955
34957
34970
34971
34984
34999
35000
35002
35004
35008
35016
35017
35019
35023
35024
35036
35057
35095
35096
35097
35103
35114
35115
35116
35117
35133
35146
35148
35151
35159
35162
35177
35184
35185
35189
35190
35198
35202
35205
35212
35249
35264
35281
35291
35303
35342
35346
35367
35369
35371
35376
35379
35396
35402
35413
35414
35417
35420
35424
35435
35438
35444
35456
35466
35468
35490
35492
35493
35513
35519
35520
35543
35549
35572
35573
35576
35577
35579
35596
35614
35626
35630
35633
35635
35636
35667
35671
35683
35684
35685
35700
35725
35727
35735
35737
35747
35749
35752
35758
35771
35788
35789
35795
35797
35802
35819
35824
35825
35830
35832
35856
35860
35861
35868
35872
35886
35898
35899
35910
35914
35921
35922
35923
35925
35936
35940
35948
35960
35962
35963
35996
36008
36009
36010
36017
36029
36039
36050
36053
36056
36061
36063
36065
36079
36087
36088
36096
36106
36112
36122
36134
36135
36142
36146
36162
36164
36195
36198
36199
36224
36229
36235
36236
36250
36265
36286
36288
36289
36293
36307
36318
36336
36359
36363
36364
36370
36379
36387
36393
36400
36401
36402
36429
36437
36443
36449
36457
36462
36463
36491
36497
36501
36508
36534
36536
36549
36550
36562
36565
36567
36595
36597
36602
36607
36621
36622
36624
36625
36642
36645
36646
36651
36661
36665
36690
36700
36706
36707
36712
36720
36722
36723
36749
36758
36763
36775
36792
36802
36807
36812
36813
36815
36828
36852
36854
36863
36900
36919
36939
36944
36986
37002
37008
37010
37026
37028
37033
37035
37045
37052
37084
37098
37107
37115
37117
37122
37141
37146
37150
37156
37181
37197
37199
37206
37208
37250
37260
37261
37276
37285
37286
37306
37309
37310
37314
37319
37324
37334
37342
37344
37361
37366
37376
37377
37394
37396
37404
37419
37428
37436
37444
37464
37465
37471
37474
37478
37488
37492
37494
37497
37498
37514
37515
37557
37588
37591
37600
37617
37620
37637
37640
37641
37660
37665
37667
37683
37684
37686
37688
37689
37693
37695
37703
37729
37748
37749
37762
37776
37777
37785
37792
37796
37799
37809
37810
37814
37817
37820
37826
37827
37828
37841
37843
37844
37848
37851
37858
37866
37883
37884
37893
37902
37911
37924
37927
37945
37959
37963
37975
37984
37985
37996
38004
38007
38012
38045
38046
38048
38053
38055
38066
38076
38077
38080
38082
38086
38088
38099
38102
38106
38111
38116
38120
38121
38144
38147
38154
38155
38162
38164
38165
38172
38181
38185
38200
38207
38210
38213
38232
38233
38236
38240
38271
38288
38289
38302
38316
38320
38324
38325
38332
38343
38347
38374
38379
38396
38412
38423
38432
38447
38452
38467
38472
38481
38489
38503
38505
38508
38551
38552
38569
38576
38591
38593
38627
38653
38658
38666
38683
38719
38722
38725
38730
38734
38736
38744
38761
38769
38775
38789
38792
38820
38835
38839
38860
38871
38892
38895
38919
38934
38936
38937
38955
38956
38959
38972
38974
38980
38997
39008
39013
39019
39022
39054
39056
39070
39071
39093
39095
39098
39116
39117
39121
39122
39135
39142
39150
39165
39172
39175
39199
39208
39230
39234
39237
39238
39242
39244
39257
39259
39260
39261
39266
39267
39293
39306
39312
39343
39359
39361
39365
39370
39378
39414
39417
39420
39431
39433
39434
39436
39455
39456
39463
39468
39499
39509
39512
39524
39530
39545
39562
39585
39606
39614
39617
39619
39623
39627
39630
39636
39655
39659
39671
39686
39732
39751
39775
39777
39784
39789
39790
39793
39801
39822
39826
39834
39839
39840
39843
39848
39850
39851
39855
39860
39862
39879
39890
39905
39909
39912
39913
39914
39915
39917
39929
39941
39945
39950
39953
39975
39986
39987
39994
40015
40019
40024
40025
40031
40043
40052
40059
40067
40072
40083
40087
40094
40116
40120
40121
40148
40156
40171
40186
40191
40196
40201
40245
40257
40259
40262
40282
40283
40286
40293
40296
40332
40335
40343
40352
40358
40396
40397
40402
40405
40432
40475
40484
40486
40498
40504
40510
40512
40575
40586
40587
40598
40602
40606
40607
40608
40611
40638
40657
40658
40675
40680
40682
40702
40714
40715
40726
40734
40752
40754
40766
40772
40776
40790
40791
40792
40828
40830
40866
40872
40874
40878
40879
40881
40906
40911
40915
40917
40920
40938
40939
40941
40943
40969
40970
40977
40978
40985
40986
40988
40995
41006
41009
41017
41027
41028
41041
41043
41044
41061
41071
41073
41075
41080
41082
41100
41116
41141
41162
41168
41175
41177
41182
41187
41193
41195
41217
41218
41240
41249
41250
41258
41292
41296
41309
41322
41338
41343
41367
41380
41386
41389
41406
41416
41417
41421
41429
41436
41447
41448
41468
41490
41497
41505
41526
41529
41548
41561
41568
41573
41576
41583
41595
41596
41618
41645
41651
41655
41675
41683
41698
41703
41704
41709
41715
41716
41717
41722
41723
41726
41728
41729
41787
41793
41797
41816
41830
41833
41835
41870
41873
41874
41878
41885
41886
41900
41916
41929
41931
41936
41941
41942
41948
41950
41961
41972
41984
41985
41987
41988
42004
42014
