13
20
25
71
76
122
138
139
142
145
148
213
216
227
234
246
250
262
275
279
290
300
309
345
363
366
376
459
498
561
581
582
593
596
627
635
695
706
728
780
782
804
807
866
883
919
964
998
999
1009
1034
1043
1051
1063
1073
1085
1088
1119
1135
1140
1142
1187
1209
1232
1291
1321
1333
1349
1368
1384
1389
1431
1433
1495
1509
1518
1525
1530
1535
1539
1626
1656
1693
1707
1726
1780
1788
1796
1805
1807
1891
1896
1910
1950
1951
1982
1995
1997
2032
2037
2052
2069
2094
2096
2111
2178
2179
2245
2327
2330
2334
2338
2359
2421
2426
2432
2436
2477
2489
2545
2561
2574
2582
2588
2594
2603
2622
2627
2630
2722
2772
2864
2883
2906
2940
2950
2961
2984
2991
3007
3030
3086
3089
3140
3153
3212
3221
3293
3308
3316
3346
3364
3429
3464
3486
3537
3545
3587
3646
3684
3698
3766
3790
3805
3845
3900
3998
4009
4018
4096
4106
4108
4113
4130
4131
4210
4223
4226
4236
4242
4256
4348
4351
4353
4372
4453
4457
4467
4517
4548
4561
4591
4632
4650
4676
4734
4828
4902
4905
4941
4975
5023
5039
5057
5068
5102
5104
5105
5138
5162
5205
5207
5209
5292
5341
5343
5354
5359
5369
5379
5380
5427
5431
5442
5455
5465
5490
5525
5541
5559
5564
5574
5616
5682
5721
5734
5738
5740
5774
5804
5822
5896
5921
5977
5993
6004
6012
6031
6053
6064
6073
6104
6110
6114
6116
6126
6135
6183
6197
6213
6225
6245
6259
6261
6273
6293
6314
6334
6346
6367
6438
6449
6457
6478
6495
6542
6544
6545
6550
6561
6588
6607
6610
6642
6756
6847
6901
6902
6932
6986
7026
7119
7235
7253
7268
7269
7275
7344
7361
7363
7393
7415
7437
7530
7542
7571
7594
7604
7650
7651
7706
7733
7737
7752
7767
7789
7803
7841
7852
7879
7887
7902
7912
7929
7951
7953
7954
7980
7981
8011
8051
8064
8106
8111
8148
8158
8195
8197
8206
8239
8243
8262
8290
8328
8347
8349
8357
8379
8425
8475
8478
8528
8529
8561
8581
8584
8585
8592
8614
8617
8618
8625
8630
8632
8640
8645
8670
8684
8714
8757
8798
8817
8833
8874
8930
8936
8976
9079
9089
9093
9094
9141
9195
9196
9231
9232
9296
9297
9333
9337
9369
9381
9382
9404
9406
9482
9535
9546
9551
9565
9640
9658
9671
9689
9692
9721
9722
9825
9885
9918
9972
9985
10029
10035
10042
10051
10078
10096
10107
10186
10229
10250
10251
10269
10317
10320
10368
10390
10391
10393
10406
10431
10464
10505
10522
10525
10564
10573
10601
10636
10666
10681
10685
10709
10734
10741
10766
10847
10848
10863
10865
10873
10882
10890
10900
10910
10937
10945
10958
10961
10967
10997
11038
11053
11070
11080
11081
11094
11119
11191
11192
11199
11223
11236
11253
11273
11291
11299
11345
11362
11371
11393
11418
11439
11441
11456
11493
11530
11547
11552
11572
11599
11619
11632
11660
11679
11694
11701
11708
11725
11755
11778
11826
11835
11882
12001
12006
12008
12014
12058
12066
12073
12114
12152
12158
12172
12217
12229
12232
12249
12265
12266
12286
12288
12319
12329
12340
12342
12384
12493
12504
12525
12529
12562
12623
12663
12690
12700
12713
12750
12781
12783
12828
12830
12831
12835
12836
12864
12867
12868
12873
12884
12916
12919
12921
12944
12947
12964
12986
12992
13022
13037
13044
13051
13071
13084
13090
13098
13103
13132
13186
13228
13231
13239
13245
13268
13329
13357
13415
13418
13441
13455
13478
13488
13497
13541
13574
13594
13623
13649
13667
13669
13675
13679
13717
13739
13760
13798
13841
13844
13850
13856
13905
13911
13921
13924
13972
13981
14008
14022
14072
14075
14110
14140
14169
14203
14226
14255
14264
14273
14278
14336
14389
14400
14408
14435
14445
14449
14453
14454
14457
14465
14487
14488
14524
14554
14571
14598
14621
14659
14661
14667
14684
14694
14695
14732
14761
14777
14822
14831
14878
14884
14895
14909
14926
14934
14943
14945
14969
14982
15031
15036
15037
15057
15059
15141
15154
15171
15175
15185
15186
15219
15222
15244
15245
15264
15349
15368
15369
15401
15413
15424
15477
15478
15480
15506
15568
15597
15604
15613
15691
15699
15705
15712
15730
15742
15788
15828
15840
15843
15848
15869
15924
16019
16079
16124
16166
16167
16168
16205
16222
16231
16255
16299
16305
16329
16368
16397
16403
16411
16541
16607
16608
16613
16637
16661
16663
16682
16684
16746
16762
16764
16818
16833
16849
16868
16869
16883
16891
16900
16901
16909
16912
16920
16939
16945
16961
16987
17011
17014
17036
17047
17048
17083
17090
17095
17099
17103
17119
17170
17183
17184
17207
17210
17218
17223
17225
17247
17331
17357
17364
17402
17427
17439
17451
17479
17519
17530
17588
17602
17605
17619
17694
17696
17706
17763
17785
17786
17805
17826
17890
17982
18008
18026
18038
18050
18058
18070
18082
18089
18172
18179
18201
18209
18218
18242
18269
18292
18367
18372
18374
18378
18383
18384
18412
18433
18449
18535
18536
18555
18655
18678
18706
18728
18739
18741
18747
18777
18787
18885
18894
18953
18962
18966
18968
19120
19139
19170
19179
19201
19219
19222
19228
19261
19280
19290
19314
19334
19366
19390
19433
19457
19506
19511
19521
19522
19525
19558
19614
19640
19664
19692
19723
19731
19735
19765
19770
19793
19794
19828
19869
19878
19937
19951
19962
20019
20033
20051
20102
20179
20187
20248
20259
20263
20404
20479
20514
20530
20539
20540
20627
20644
20652
20708
20727
20750
20802
20803
20808
20809
20903
20987
20993
21016
21037
21052
21093
21104
21127
21132
21136
21156
21159
21161
21194
21222
21245
21262
21264
21307
21315
21389
21404
21427
21453
21457
21483
21486
21511
21516
21524
21580
21621
21626
21646
21695
21700
21726
21764
21771
21780
21782
21808
21826
21839
21841
21898
21905
21942
21946
21963
22059
22100
22114
22126
22133
22142
22157
22173
22184
22196
22200
22226
22282
22383
22398
22414
22431
22464
22477
22547
22560
22568
22569
22574
22634
22651
22653
22658
22675
22677
22704
22733
22734
22742
22748
22779
22826
22834
22877
22960
22980
22996
23045
23060
23185
23234
23259
23264
23291
23328
23390
23391
23393
23430
23435
23447
23454
23495
23508
23511
23572
23581
23595
23596
23646
23657
23670
23671
23708
23728
23730
23755
23785
23788
23790
23800
23881
23891
23896
23902
23922
23956
23963
24019
24020
24028
24044
24054
24088
24091
24119
24120
24131
24136
24198
24200
24201
24202
24242
24254
24267
24324
24336
24376
24382
24391
24396
24398
24403
24464
24466
24472
24543
24546
24549
24558
24563
24568
24574
24586
24595
24601
24628
24651
24716
24726
24774
24783
24822
24826
24832
24848
24919
24969
24980
24981
25000
25010
25027
25041
25049
25054
25093
25153
25168
25191
25199
25201
25202
25229
25237
25277
25377
25389
25390
25441
25461
25496
25503
25505
25523
25529
25546
25734
25781
25820
25821
25842
25846
25869
25876
25921
25943
25963
25988
26068
26099
26104
26106
26127
26145
26153
26180
26181
26186
26192
26198
26201
26202
26206
26207
26209
26221
26225
26246
26253
26269
26300
26333
26339
26340
26341
26380
26389
26402
26404
26435
26478
26484
26519
26520
26535
26554
26572
26593
26649
26650
26656
26687
26720
26741
26751
26755
26785
26791
26795
26823
26945
27010
27011
27031
27071
27096
27113
27131
27152
27154
27157
27161
27191
27197
27214
27236
27261
27267
27270
27296
27302
27325
27350
27369
27421
27434
27454
27461
27528
27552
27561
27570
27583
27593
27596
27611
27629
27651
27652
27656
27677
27681
27705
27706
27709
27716
27735
27742
27744
27757
27771
27776
27800
27815
27839
27867
27870
27904
27922
27929
27930
27946
27966
27977
27981
27996
28057
28063
28092
28099
28109
28124
28132
28153
28208
28219
28223
28225
28241
28245
28280
28312
28323
28338
28357
28360
28364
28411
28412
28436
28460
28488
28506
28513
28540
28593
28606
28611
28639
28652
28671
28678
28740
28757
28767
28794
28797
28804
28810
28815
28816
28828
28829
28891
28894
28908
28916
28921
28949
28974
28989
28996
28998
29006
29012
29027
29034
29044
29080
29081
29085
29114
29120
29145
29158
29163
29205
29236
29239
29243
29265
29268
29327
29356
29361
29393
29473
29490
29501
29515
29574
29575
29617
29657
29678
29699
29735
29769
29802
29805
29839
29919
29928
29954
29966
29967
29968
29992
30030
30075
30091
30105
30126
30130
30152
30195
30237
30241
30264
30286
30305
30306
30317
30333
30338
30376
30389
30422
30429
30460
30463
30520
30539
30547
30578
30609
30657
30691
30694
30704
30735
30801
30858
30909
30915
30935
30943
30960
30962
30988
31030
31046
31084
31097
31098
31133
31169
31171
31172
31193
31231
31305
31316
31321
31354
31375
31403
31404
31405
31478
31513
31519
31544
31546
31654
31669
31690
31712
31733
31745
31773
31783
31806
31820
31866
31889
31901
31912
31937
31938
31969
31970
31983
32011
32055
32092
32111
32121
32128
32155
32160
32197
32237
32289
32290
32291
32311
32316
32318
32343
32368
32380
32426
32431
32441
32451
32475
32481
32484
32494
32495
32525
32527
32530
32536
32539
32569
32690
32703
32722
32772
32795
32797
32804
32829
32881
32915
32923
32927
32938
32960
32987
33000
33009
33017
33063
33072
33188
33208
33235
33260
33287
33312
33340
33347
33366
33373
33398
33433
33445
33479
33480
33491
33502
33516
33524
33525
33539
33548
33620
33638
33639
33714
33733
33735
33854
33904
33920
33921
33922
33945
33978
33987
34004
34021
34030
34133
34146
34164
34168
34229
34260
34271
34278
34337
34341
34350
34364
34370
34376
34395
34409
34416
34421
34465
34524
34526
34535
34564
34581
34616
34631
34652
34654
34667
34669
34728
34747
34752
34763
34770
34811
34841
34842
34845
34852
34863
34888
34911
34949
34950
34951
34957
35002
35008
35023
35036
35057
35095
35096
35097
35114
35146
35148
35162
35190
35212
35249
35342
35367
35371
35402
35413
35414
35424
35466
35490
35492
35513
35519
35520
35572
35579
35596
35626
35630
35683
35684
35700
35727
35749
35758
35795
35797
35802
35830
35832
35872
35898
35910
35922
35925
35940
35948
35960
35963
35996
36008
36010
36029
36039
36050
36053
36079
36087
36112
36142
36195
36198
36224
36229
36236
36307
36400
36402
36457
36508
36534
36536
36567
36602
36624
36645
36651
36665
36707
36712
36722
36749
36763
36828
36852
36863
36900
36919
36986
37028
37033
37084
37107
37122
37146
37181
37199
37206
37208
37314
37334
37342
37344
37376
37377
37396
37428
37436
37478
37497
37591
37641
37667
37684
37688
37695
37703
37762
37776
37777
37810
37820
37826
37843
37844
37884
37902
37945
37963
37985
38048
38053
38076
38077
38099
38106
38111
38121
38172
38181
38185
38210
38240
38289
38316
38325
38343
38396
38412
38447
38472
38481
38489
38551
38569
38683
38722
38725
38730
38734
38736
38744
38761
38820
38835
38934
38937
38955
38956
39008
39056
39095
39098
39116
39121
39142
39150
39199
39230
39257
39259
39260
39365
39370
39417
39431
39433
39434
39436
39524
39530
39562
39585
39606
39619
39623
39630
39636
39655
39659
39777
39784
39789
39793
39826
39834
39839
39851
39862
39879
39890
39905
39915
39941
39945
39986
39987
39994
40024
40031
40052
40067
40072
40094
40116
40120
40148
40191
40196
40259
40282
40332
40335
40358
40432
40486
40504
40512
40598
40602
40607
40611
40638
40675
40702
40714
40715
40734
40772
40790
40830
40872
40906
40911
40915
40938
40939
40941
40977
41006
41041
41044
41073
41075
41082
41100
41116
41141
41168
41182
41187
41249
41322
41389
41406
41417
41421
41490
41497
41505
41526
41573
41576
41645
41655
41675
41703
41716
41717
41726
41797
41816
41874
41885
41916
41929
41941
41948
41961
42004
42014
