2
23
24
29
32
36
53
55
59
62
66
81
88
90
95
103
119
124
129
130
140
144
150
164
165
168
181
182
205
218
232
240
255
260
268
285
294
297
298
313
334
336
343
352
356
360
382
407
456
473
482
510
514
520
549
579
583
586
588
620
661
674
679
681
685
696
707
715
722
724
735
738
747
751
753
756
768
788
812
813
829
836
848
850
904
908
910
918
923
928
941
956
982
989
1054
1055
1072
1077
1082
1087
1090
1108
1109
1127
1133
1137
1144
1149
1156
1178
1184
1196
1199
1231
1239
1276
1295
1300
1304
1320
1339
1346
1354
1387
1402
1408
1412
1441
1443
1451
1471
1472
1476
1488
1489
1522
1566
1568
1581
1586
1597
1624
1625
1631
1643
1650
1661
1690
1706
1709
1715
1720
1722
1736
1740
1768
1774
1778
1783
1785
1797
1798
1803
1806
1809
1813
1815
1818
1830
1832
1839
1845
1849
1858
1874
1889
1917
1921
1925
1930
1938
1941
1942
1953
1959
1960
1973
1975
2019
2022
2023
2024
2028
2031
2045
2046
2056
2065
2073
2084
2093
2113
2119
2126
2159
2161
2166
2174
2180
2185
2197
2204
2215
2239
2255
2264
2304
2324
2349
2354
2355
2361
2398
2402
2419
2420
2424
2427
2452
2457
2460
2461
2471
2472
2492
2493
2503
2506
2511
2531
2540
2541
2542
2550
2556
2567
2572
2576
2590
2593
2616
2617
2629
2640
2663
2688
2694
2714
2716
2743
2751
2753
2762
2783
2798
2799
2814
2815
2826
2827
2828
2844
2851
2853
2870
2876
2877
2885
2890
2923
2925
2946
2955
2957
2958
2970
2973
3006
3009
3032
3034
3046
3052
3059
3066
3067
3069
3073
3093
3103
3138
3139
3165
3173
3176
3184
3225
3256
3261
3263
3280
3284
3297
3304
3305
3306
3315
3325
3332
3347
3360
3363
3400
3401
3410
3419
3436
3440
3446
3454
3463
3485
3488
3517
3524
3525
3529
3544
3554
3558
3578
3597
3608
3609
3612
3616
3628
3643
3652
3654
3656
3662
3667
3672
3676
3680
3688
3693
3710
3717
3724
3730
3744
3762
3763
3764
3781
3787
3798
3811
3812
3816
3819
3823
3826
3830
3838
3842
3860
3872
3899
3901
3910
3918
3922
3932
3950
3954
3960
3965
3974
3976
3995
4004
4010
4019
4020
4021
4028
4029
4036
4048
4049
4050
4065
4075
4086
4089
4091
4097
4142
4146
4167
4172
4183
4192
4200
4205
4211
4232
4246
4253
4258
4259
4263
4281
4287
4290
4292
4326
4331
4335
4336
4347
4362
4374
4375
4380
4389
4414
4423
4482
4496
4509
4510
4512
4522
4534
4546
4556
4596
4602
4610
4617
4620
4625
4653
4655
4659
4689
4690
4701
4703
4709
4736
4737
4746
4752
4758
4765
4767
4769
4775
4783
4784
4786
4791
4792
4807
4813
4819
4824
4830
4833
4851
4871
4878
4880
4888
4890
4895
4896
4906
4915
4933
4945
4957
4963
4976
4978
4983
4985
5000
5013
5020
5022
5049
5058
5069
5070
5075
5087
5088
5091
5099
5108
5116
5136
5143
5149
5151
5163
5164
5167
5173
5178
5195
5196
5197
5199
5218
5220
5237
5238
5247
5250
5255
5256
5264
5284
5289
5290
5291
5295
5305
5311
5314
5332
5342
5347
5374
5375
5377
5396
5407
5437
5448
5458
5467
5481
5488
5501
5505
5506
5507
5532
5543
5548
5555
5565
5573
5590
5591
5592
5596
5602
5604
5617
5619
5646
5659
5666
5670
5675
5687
5690
5696
5707
5708
5730
5733
5745
5748
5752
5760
5781
5783
5811
5818
5823
5824
5826
5827
5832
5845
5851
5877
5881
5893
5898
5905
5911
5926
5928
5932
5935
5937
5956
5965
5970
5972
5976
5979
5980
6001
6014
6023
6044
6047
6051
6066
6095
6096
6097
6100
6103
6106
6109
6117
6148
6154
6156
6165
6173
6176
6200
6209
6220
6229
6232
6234
6236
6252
6258
6297
6301
6320
6321
6335
6336
6344
6349
6359
6360
6388
6398
6402
6405
6406
6417
6443
6450
6465
6475
6496
6521
6536
6539
6555
6567
6569
6575
6579
6584
6589
6598
6606
6616
6631
6632
6640
6641
6643
6654
6663
6674
6676
6689
6690
6695
6717
6720
6735
6742
6744
6754
6764
6780
6788
6791
6792
6793
6794
6801
6805
6824
6832
6845
6892
6942
6957
6959
6963
6985
6992
7013
7024
7035
7043
7053
7064
7092
7099
7105
7107
7123
7142
7148
7151
7174
7190
7194
7195
7204
7224
7233
7242
7247
7249
7250
7252
7285
7319
7336
7341
7347
7354
7355
7362
7401
7428
7439
7443
7455
7461
7469
7470
7480
7492
7494
7504
7507
7508
7511
7523
7524
7526
7527
7532
7533
7536
7557
7566
7574
7575
7576
7577
7579
7590
7600
7608
7612
7635
7644
7655
7660
7681
7683
7699
7708
7710
7712
7719
7742
7747
7754
7755
7758
7760
7761
7765
7771
7775
7780
7787
7791
7794
7797
7799
7804
7809
7831
7832
7855
7857
7871
7876
7878
7880
7886
7915
7919
7927
7938
7945
7947
7949
7950
7958
7968
7983
7987
7990
7994
7999
8007
8013
8018
8023
8034
8035
8038
8046
8047
8055
8062
8063
8070
8074
8077
8085
8097
8101
8103
8115
8152
8153
8159
8164
8165
8170
8184
8190
8192
8203
8216
8217
8218
8227
8241
8259
8268
8294
8307
8319
8329
8354
8367
8374
8409
8420
8428
8429
8438
8445
8447
8448
8449
8451
8458
8472
8490
8492
8495
8497
8501
8507
8518
8522
8530
8550
8553
8554
8570
8578
8589
8590
8597
8600
8602
8604
8606
8613
8622
8639
8652
8653
8658
8660
8675
8680
8695
8723
8739
8746
8753
8768
8792
8801
8803
8812
8841
8868
8896
8912
8922
8945
8949
8950
8952
8970
8975
8979
8995
9004
9008
9009
9011
9030
9033
9041
9051
9064
9080
9090
9099
9106
9109
9113
9120
9129
9130
9136
9146
9157
9160
9167
9169
9176
9181
9186
9208
9228
9230
9240
9262
9279
9294
9295
9302
9310
9313
9315
9324
9325
9336
9341
9356
9359
9370
9373
9380
9400
9416
9445
9455
9462
9463
9464
9467
9470
9479
9484
9489
9492
9493
9496
9502
9505
9528
9581
9587
9588
9590
9593
9597
9610
9616
9621
9623
9625
9630
9650
9653
9655
9656
9675
9695
9696
9702
9733
9743
9751
9763
9767
9768
9779
9786
9788
9792
9796
9826
9829
9841
9855
9863
9866
9874
9878
9886
9890
9892
9897
9903
9907
9913
9915
9921
9931
9932
9933
9934
9953
9955
9959
9967
9968
9971
9975
9979
9998
10004
10005
10010
10014
10015
10017
10025
10028
10049
10064
10066
10069
10073
10082
10119
10126
10128
10142
10152
10154
10156
10162
10178
10191
10201
10213
10252
10261
10268
10278
10279
10319
10322
10327
10330
10345
10359
10439
10446
10449
10486
10488
10498
10503
10516
10517
10533
10565
10578
10582
10591
10594
10596
10606
10611
10616
10637
10645
10658
10665
10667
10684
10699
10702
10716
10724
10725
10729
10733
10737
10751
10776
10782
10791
10808
10814
10822
10827
10854
10855
10857
10879
10899
10904
10912
10914
10920
10929
10956
10957
10965
10966
10968
10970
10971
11000
11007
11020
11045
11051
11054
11067
11077
11082
11097
11104
11124
11131
11136
11142
11143
11145
11148
11150
11151
11153
11156
11166
11173
11181
11188
11189
11202
11205
11230
11238
11240
11241
11272
11277
11280
11296
11301
11303
11310
11312
11322
11335
11355
11366
11379
11382
11383
11384
11394
11405
11420
11432
11435
11437
11442
11445
11457
11467
11468
11471
11473
11476
11481
11491
11510
11513
11521
11523
11524
11526
11531
11533
11540
11545
11562
11575
11598
11608
11609
11613
11615
11629
11633
11649
11650
11676
11695
11697
11759
11763
11764
11766
11772
11773
11790
11793
11807
11808
11809
11816
11831
11855
11860
11869
11881
11890
11913
11918
11960
11966
11975
11976
12050
12051
12087
12088
12094
12106
12160
12168
12176
12199
12202
12204
12207
12210
12263
12270
12294
12316
12322
12328
12336
12358
12394
12412
12417
12446
12449
12453
12464
12480
12484
12516
12522
12533
12551
12574
12576
12583
12591
12605
12617
12620
12627
12632
12645
12651
12653
12658
12667
12668
12669
12670
12677
12679
12688
12692
12693
12697
12705
12707
12721
12736
12758
12760
12765
12773
12779
12782
12793
12798
12803
12840
12843
12845
12849
12862
12863
12870
12909
12910
12935
12960
12961
12965
12972
12977
12978
12995
12996
12997
12998
13000
13018
13020
13030
13047
13065
13081
13087
13092
13102
13104
13111
13113
13121
13122
13125
13127
13129
13153
13169
13182
13192
13193
13221
13229
13257
13262
13283
13287
13303
13308
13309
13319
13323
13325
13328
13332
13337
13354
13362
13367
13371
13373
13380
13384
13401
13410
13414
13417
13435
13436
13437
13440
13442
13449
13450
13461
13463
13465
13476
13485
13486
13487
13498
13500
13504
13508
13514
13523
13547
13552
13557
13561
13563
13570
13597
13606
13613
13638
13668
13680
13691
13693
13715
13737
13740
13757
13767
13771
13778
13779
13806
13812
13824
13832
13845
13846
13847
13882
13894
13922
13928
13930
13937
13959
13980
13991
13997
14023
14033
14050
14053
14073
14074
14081
14084
14101
14111
14113
14114
14117
14146
14150
14155
14159
14168
14175
14184
14188
14210
14215
14216
14221
14225
14244
14247
14253
14269
14271
14275
14279
14281
14286
14295
14311
14340
14370
14381
14383
14386
14396
14428
14430
14432
14442
14451
14452
14461
14467
14468
14469
14475
14482
14485
14494
14503
14518
14521
14539
14544
14556
14559
14564
14565
14567
14574
14587
14601
14624
14626
14642
14647
14648
14650
14651
14664
14670
14675
14676
14681
14703
14705
14725
14727
14733
14753
14764
14783
14785
14793
14816
14817
14820
14821
14833
14845
14867
14868
14880
14882
14886
14897
14898
14903
14916
14925
14940
14951
14954
14961
14965
14981
14987
14990
14991
14992
15005
15018
15020
15022
15027
15029
15065
15111
15115
15123
15125
15166
15215
15225
15250
15257
15263
15265
15271
15275
15276
15278
15280
15282
15288
15296
15297
15299
15304
15312
15325
15348
15356
15364
15373
15387
15390
15411
15412
15434
15437
15438
15444
15446
15449
15451
15457
15469
15479
15483
15497
15498
15512
15521
15522
15533
15548
15586
15594
15605
15611
15615
15616
15621
15623
15625
15643
15649
15654
15655
15665
15669
15675
15681
15682
15694
15718
15727
15736
15744
15746
15752
15753
15764
15765
15769
15773
15791
15794
15804
15806
15809
15811
15822
15827
15834
15835
15839
15842
15855
15886
15905
15906
15914
15915
15920
15937
15960
15977
15994
15996
15998
16002
16008
16022
16027
16028
16029
16038
16046
16049
16056
16059
16064
16074
16090
16105
16108
16113
16125
16126
16131
16132
16173
16183
16192
16198
16227
16239
16258
16266
16277
16283
16293
16295
16301
16307
16308
16318
16319
16323
16325
16331
16352
16354
16378
16386
16389
16396
16404
16412
16415
16416
16420
16432
16438
16460
16462
16475
16484
16499
16508
16510
16517
16519
16524
16526
16532
16542
16551
16556
16558
16579
16590
16601
16624
16636
16644
16659
16665
16668
16671
16675
16705
16723
16755
16777
16796
16803
16808
16828
16841
16844
16845
16851
16855
16862
16892
16893
16896
16911
16927
16937
16948
16964
16968
16975
17009
17021
17025
17031
17045
17049
17059
17062
17075
17078
17080
17082
17085
17110
17127
17138
17147
17151
17154
17155
17157
17174
17186
17212
17216
17231
17233
17241
17244
17251
17269
17271
17282
17283
17284
17287
17289
17290
17299
17302
17306
17307
17314
17323
17345
17366
17372
17378
17379
17383
17392
17419
17431
17438
17440
17455
17457
17459
17465
17466
17471
17473
17474
17482
17483
17486
17508
17531
17536
17544
17586
17589
17596
17606
17614
17643
17654
17674
17675
17676
17679
17688
17692
17693
17710
17725
17734
17736
17738
17747
17755
17764
17774
17781
17789
17824
17835
17838
17854
17864
17884
17885
17888
17889
17894
17918
17935
17944
17957
17958
17960
17978
17979
17983
17989
17999
18003
18021
18024
18028
18039
18059
18062
18068
18073
18096
18099
18118
18135
18136
18151
18152
18174
18197
18204
18206
18208
18246
18293
18304
18305
18319
18320
18321
18332
18349
18352
18353
18354
18371
18377
18381
18404
18405
18431
18455
18461
18491
18506
18508
18516
18526
18533
18544
18558
18562
18568
18589
18607
18619
18621
18634
18664
18667
18671
18692
18696
18710
18714
18715
18723
18724
18754
18776
18782
18795
18811
18813
18831
18847
18854
18860
18861
18864
18868
18887
18893
18900
18915
18917
18918
18924
18925
18932
18950
18961
18963
18967
18988
18995
19046
19058
19070
19081
19083
19084
19092
19096
19115
19125
19126
19129
19132
19138
19140
19155
19175
19181
19182
19185
19196
19203
19216
19226
19237
19238
19243
19245
19249
19255
19291
19296
19299
19301
19305
19325
19329
19330
19342
19346
19359
19361
19370
19378
19426
19445
19449
19454
19470
19471
19475
19497
19499
19514
19515
19531
19534
19537
19543
19544
19547
19548
19549
19561
19563
19564
19577
19579
19587
19590
19627
19632
19661
19665
19669
19677
19680
19682
19693
19708
19710
19718
19721
19732
19733
19748
19751
19760
19786
19787
19792
19796
19797
19799
19805
19812
19827
19831
19832
19847
19856
19866
19872
19877
19896
19914
19924
19930
19932
19950
19977
19982
19992
19993
19996
20008
20010
20039
20049
20073
20084
20091
20109
20123
20126
20133
20142
20145
20160
20161
20168
20172
20186
20194
20202
20204
20210
20212
20223
20224
20236
20286
20292
20295
20300
20304
20307
20324
20353
20370
20372
20375
20385
20390
20393
20399
20411
20412
20418
20423
20445
20446
20450
20452
20453
20454
20463
20476
20483
20484
20499
20501
20508
20537
20545
20548
20551
20569
20575
20576
20577
20580
20581
20584
20601
20606
20610
20611
20612
20615
20626
20633
20634
20641
20660
20662
20675
20684
20687
20696
20706
20711
20724
20746
20781
20791
20799
20813
20829
20831
20839
20846
20851
20852
20854
20857
20864
20879
20880
20882
20884
20895
20910
20912
20916
20927
20930
20940
20946
20952
20960
20990
21006
21011
21012
21013
21015
21028
21060
21069
21080
21081
21089
21096
21101
21112
21131
21133
21142
21147
21153
21176
21213
21215
21221
21226
21235
21249
21266
21268
21269
21272
21289
21290
21301
21302
21311
21319
21322
21337
21346
21349
21356
21363
21384
21385
21394
21397
21401
21416
21417
21433
21436
21443
21445
21446
21460
21461
21472
21499
21514
21558
21568
21578
21584
21593
21599
21603
21614
21630
21634
21636
21637
21638
21642
21651
21668
21669
21679
21688
21693
21709
21718
21722
21732
21757
21761
21765
21772
21773
21776
21815
21824
21827
21835
21853
21862
21868
21882
21887
21903
21907
21909
21914
21918
21925
21927
21936
21941
21951
21953
21966
21968
21974
22000
22006
22007
22021
22024
22027
22030
22031
22043
22049
22056
22057
22062
22078
22085
22087
22098
22099
22105
22115
22144
22155
22156
22168
22171
22174
22182
22201
22211
22219
22223
22241
22247
22258
22266
22273
22281
22285
22300
22313
22319
22350
22362
22364
22369
22376
22381
22384
22391
22401
22410
22429
22434
22446
22452
22474
22476
22493
22513
22516
22523
22538
22540
22543
22551
22556
22567
22576
22581
22582
22589
22592
22597
22598
22599
22604
22619
22635
22639
22666
22671
22679
22680
22681
22695
22696
22697
22702
22703
22712
22717
22720
22738
22751
22756
22796
22797
22808
22811
22838
22839
22844
22862
22863
22871
22879
22883
22934
22935
22936
22939
22950
22962
22964
22965
22968
22972
22998
22999
23010
23043
23053
23054
23062
23079
23088
23096
23122
23125
23172
23173
23174
23175
23190
23200
23208
23209
23211
23213
23214
23218
23227
23235
23243
23253
23279
23282
23284
23287
23296
23308
23325
23336
23338
23344
23385
23392
23402
23436
23443
23444
23463
23464
23466
23477
23479
23485
23501
23503
23515
23516
23519
23524
23552
23591
23592
23604
23628
23634
23641
23642
23664
23667
23673
23679
23709
23711
23712
23716
23719
23722
23729
23731
23732
23735
23740
23742
23751
23762
23765
23772
23774
23780
23781
23794
23803
23819
23820
23848
23850
23860
23874
23884
23897
23899
23910
23926
23937
23942
23946
23947
23951
23957
23969
23975
23982
23989
24002
24003
24006
24010
24013
24014
24030
24034
24038
24055
24078
24087
24107
24108
24114
24117
24121
24125
24133
24134
24146
24154
24185
24186
24192
24232
24240
24256
24262
24264
24280
24284
24310
24317
24318
24320
24327
24329
24331
24346
24367
24373
24377
24380
24384
24388
24390
24397
24400
24405
24406
24415
24417
24435
24438
24440
24441
24445
24481
24482
24483
24484
24486
24505
24512
24534
24551
24556
24570
24572
24575
24577
24597
24598
24637
24641
24664
24689
24695
24696
24697
24762
24766
24776
24777
24788
24800
24805
24862
24867
24874
24922
24930
24940
24950
24953
24961
24965
24967
24986
24988
24991
25011
25012
25016
25017
25018
25022
25023
25035
25044
25047
25066
25079
25081
25089
25102
25104
25113
25117
25120
25132
25176
25179
25182
25203
25230
25234
25238
25243
25245
25270
25279
25290
25303
25316
25324
25349
25355
25359
25363
25364
25366
25369
25371
25394
25396
25416
25418
25419
25421
25432
25436
25440
25456
25457
25467
25468
25469
25478
25493
25506
25518
25524
25525
25530
25551
25554
25558
25559
25565
25576
25577
25589
25620
25636
25639
25640
25724
25737
25742
25761
25789
25794
25803
25807
25827
25835
25860
25871
25895
25898
25908
25924
25925
25951
25958
25971
25984
25989
26002
26005
26016
26030
26055
26076
26078
26082
26133
26151
26172
26232
26233
26237
26238
26266
26287
26288
26295
26297
26310
26315
26316
26320
26330
26335
26336
26349
26363
26369
26373
26385
26388
26399
26400
26401
26420
26426
26445
26450
26458
26470
26472
26475
26481
26490
26499
26515
26516
26517
26527
26534
26536
26537
26539
26547
26552
26560
26566
26571
26576
26583
26595
26596
26602
26609
26614
26622
26624
26629
26639
26654
26662
26669
26670
26675
26685
26703
26708
26713
26715
26721
26726
26727
26736
26747
26767
26776
26784
26799
26805
26809
26820
26822
26824
26841
26856
26861
26884
26889
26930
26931
26933
26940
26943
26956
26962
26979
26981
26984
26998
27015
27019
27026
27032
27033
27043
27045
27048
27068
27069
27076
27078
27086
27109
27155
27159
27174
27195
27200
27208
27210
27213
27230
27232
27233
27256
27257
27260
27269
27271
27279
27281
27284
27287
27301
27314
27318
27336
27346
27358
27362
27377
27390
27395
27398
27400
27405
27427
27451
27470
27475
27483
27498
27509
27514
27521
27532
27557
27591
27597
27604
27608
27615
27635
27640
27641
27659
27672
27673
27674
27680
27685
27710
27711
27717
27719
27721
27729
27730
27733
27749
27750
27761
27787
27789
27794
27796
27797
27798
27802
27817
27828
27832
27835
27860
27875
27878
27894
27895
27905
27912
27921
27932
27958
27974
27980
28017
28031
28036
28041
28043
28061
28062
28078
28079
28097
28111
28125
28150
28159
28160
28162
28164
28168
28177
28196
28197
28198
28201
28209
28215
28217
28228
28229
28230
28234
28238
28261
28284
28291
28303
28305
28316
28320
28321
28325
28343
28348
28349
28350
28358
28365
28391
28405
28407
28414
28418
28419
28421
28431
28437
28449
28454
28468
28469
28474
28484
28493
28498
28526
28531
28549
28564
28569
28570
28571
28591
28616
28634
28637
28638
28642
28643
28644
28651
28658
28660
28662
28664
28687
28697
28698
28699
28713
28719
28723
28724
28753
28760
28781
28801
28805
28808
28840
28841
28858
28864
28872
28887
28898
28900
28912
28923
28929
28953
28969
28982
28997
29000
29002
29031
29032
29038
29041
29048
29052
29062
29064
29070
29074
29076
29096
29097
29121
29134
29140
29165
29169
29186
29194
29211
29222
29241
29254
29255
29260
29263
29271
29276
29277
29298
29315
29324
29338
29340
29346
29389
29391
29424
29428
29464
29484
29487
29492
29493
29509
29513
29521
29522
29531
29545
29558
29559
29564
29565
29580
29583
29599
29607
29651
29653
29665
29711
29714
29715
29734
29766
29775
29785
29791
29818
29827
29828
29840
29857
29861
29866
29875
29881
29882
29884
29887
29904
29907
29916
29926
29944
29971
29980
30016
30018
30025
30079
30080
30094
30098
30100
30110
30137
30138
30145
30150
30154
30157
30160
30180
30185
30197
30198
30214
30218
30227
30228
30230
30236
30258
30268
30270
30271
30285
30304
30313
30322
30323
30328
30336
30337
30360
30375
30378
30397
30410
30412
30435
30440
30442
30444
30455
30457
30459
30467
30473
30474
30475
30508
30510
30511
30512
30525
30535
30537
30552
30565
30567
30575
30588
30596
30598
30612
30620
30627
30638
30642
30645
30667
30688
30690
30692
30705
30713
30725
30733
30739
30742
30746
30748
30776
30782
30807
30818
30843
30849
30864
30890
30910
30913
30914
30919
30929
30939
30941
30942
30964
30965
30984
30992
31028
31034
31052
31100
31104
31112
31163
31164
31175
31186
31197
31212
31214
31223
31225
31243
31245
31246
31248
31257
31262
31277
31279
31289
31290
31295
31303
31326
31332
31336
31337
31345
31346
31368
31372
31379
31382
31384
31393
31427
31428
31435
31450
31451
31455
31463
31481
31499
31504
31505
31517
31518
31520
31521
31527
31528
31542
31545
31551
31553
31574
31580
31595
31602
31611
31622
31623
31629
31644
31663
31680
31693
31703
31709
31711
31718
31720
31741
31748
31750
31756
31758
31769
31770
31776
31778
31780
31795
31796
31817
31830
31832
31835
31850
31861
31863
31874
31875
31879
31909
31923
31944
31945
31947
31948
31949
31967
31985
31998
32005
32023
32038
32045
32059
32062
32071
32073
32087
32089
32090
32091
32106
32110
32122
32129
32133
32141
32144
32152
32163
32164
32168
32186
32188
32199
32202
32204
32205
32206
32211
32212
32222
32233
32238
32260
32264
32297
32299
32301
32309
32315
32321
32341
32355
32362
32367
32391
32400
32405
32407
32413
32418
32427
32448
32449
32450
32457
32458
32486
32488
32506
32512
32515
32521
32544
32553
32588
32591
32602
32605
32612
32613
32616
32631
32643
32668
32677
32678
32679
32716
32743
32776
32778
32802
32810
32840
32844
32864
32867
32875
32894
32896
32929
32936
32940
32956
32959
32964
32969
32970
33004
33015
33022
33031
33079
33103
33131
33133
33140
33151
33152
33157
33174
33194
33237
33242
33243
33262
33265
33295
33301
33318
33329
33334
33336
33342
33357
33361
33400
33415
33424
33430
33432
33448
33461
33466
33475
33481
33485
33489
33517
33518
33520
33521
33523
33537
33542
33584
33605
33617
33637
33669
33670
33678
33679
33680
33693
33695
33702
33709
33710
33711
33722
33741
33742
33744
33750
33758
33793
33797
33804
33824
33832
33843
33855
33874
33882
33887
33890
33895
33901
33905
33906
33909
33914
33923
33934
33950
33956
33972
33980
33983
34012
34024
34027
34029
34043
34047
34058
34094
34115
34118
34125
34132
34137
34140
34143
34153
34156
34161
34186
34192
34197
34198
34213
34214
34216
34230
34234
34252
34259
34273
34284
34290
34293
34304
34320
34331
34365
34366
34378
34386
34391
34393
34400
34433
34435
34444
34450
34455
34476
34484
34491
34499
34501
34513
34514
34523
34534
34537
34539
34540
34551
34575
34589
34600
34618
34624
34630
34643
34663
34666
34677
34713
34714
34729
34731
34734
34744
34746
34755
34766
34772
34797
34806
34812
34813
34814
34837
34849
34861
34868
34875
34892
34899
34912
34915
34923
34924
34925
34946
34947
34961
34967
34972
34976
34987
34988
34995
35025
35026
35030
35041
35076
35078
35080
35081
35092
35105
35125
35134
35154
35182
35221
35237
35283
35294
35308
35317
35318
35326
35335
35336
35337
35344
35352
35360
35363
35374
35377
35387
35405
35407
35409
35419
35442
35443
35446
35458
35510
35511
35517
35530
35562
35566
35570
35574
35586
35591
35594
35601
35618
35639
35642
35648
35650
35651
35655
35673
35686
35693
35697
35709
35712
35728
35761
35767
35794
35796
35807
35811
35822
35827
35828
35837
35841
35842
35849
35858
35875
35880
35881
35893
35902
35912
35919
35933
35956
35979
35995
35998
36019
36021
36026
36027
36034
36035
36037
36045
36057
36067
36080
36081
36089
36090
36102
36124
36127
36131
36132
36137
36140
36149
36150
36151
36160
36168
36172
36174
36186
36204
36213
36238
36245
36258
36273
36274
36276
36277
36279
36282
36283
36295
36312
36324
36333
36334
36358
36362
36376
36381
36382
36403
36407
36418
36424
36433
36434
36441
36447
36456
36473
36490
36503
36504
36522
36529
36551
36576
36581
36585
36605
36613
36635
36636
36637
36639
36643
36653
36666
36677
36680
36684
36686
36692
36727
36740
36741
36761
36771
36772
36779
36811
36817
36822
36824
36826
36860
36862
36869
36871
36875
36884
36923
36929
36938
36945
36949
36950
36977
36992
37025
37078
37110
37114
37118
37123
37159
37168
37170
37171
37172
37179
37193
37211
37218
37221
37241
37246
37248
37263
37269
37273
37278
37287
37292
37295
37308
37311
37335
37375
37382
37390
37391
37398
37400
37407
37413
37416
37422
37431
37432
37433
37435
37437
37458
37461
37468
37476
37489
37520
37522
37526
37530
37533
37544
37548
37559
37571
37574
37576
37577
37582
37589
37603
37623
37680
37702
37704
37719
37765
37795
37816
37823
37838
37847
37849
37870
37871
37889
37895
37913
37914
37935
37937
37942
37949
37955
37957
37967
37969
37972
37992
37993
37997
38019
38051
38065
38073
38074
38089
38096
38097
38109
38112
38134
38137
38140
38143
38151
38163
38192
38194
38201
38202
38206
38209
38211
38215
38221
38225
38248
38251
38254
38256
38258
38262
38264
38273
38277
38282
38323
38334
38341
38352
38354
38355
38369
38382
38407
38458
38463
38464
38478
38483
38484
38492
38494
38524
38529
38548
38560
38562
38570
38586
38597
38599
38632
38633
38635
38636
38639
38650
38664
38667
38673
38682
38696
38711
38728
38740
38746
38749
38752
38771
38774
38780
38781
38790
38794
38802
38805
38822
38825
38828
38829
38833
38838
38843
38852
38865
38876
38880
38891
38893
38915
38933
38970
38973
38987
38988
38991
39005
39009
39023
39029
39039
39040
39041
39052
39055
39067
39079
39083
39101
39110
39111
39114
39125
39129
39145
39154
39161
39169
39179
39180
39188
39191
39198
39200
39203
39206
39212
39215
39226
39233
39243
39250
39251
39271
39274
39275
39281
39282
39310
39320
39335
39364
39379
39382
39384
39412
39415
39421
39424
39425
39440
39448
39461
39470
39471
39472
39475
39484
39485
39486
39508
39520
39529
39533
39538
39552
39555
39571
39572
39573
39578
39596
39605
39609
39613
39620
39642
39670
39675
39679
39680
39689
39694
39695
39703
39717
39726
39735
39738
39760
39764
39772
39773
39774
39780
39781
39782
39788
39794
39806
39813
39821
39824
39825
39835
39837
39845
39865
39868
39872
39877
39895
39899
39937
39939
39940
39943
39955
39957
39962
39969
39997
39998
40000
40005
40018
40023
40044
40057
40086
40103
40109
40114
40135
40163
40207
40212
40236
40239
40251
40253
40255
40272
40287
40294
40295
40297
40299
40316
40355
40356
40411
40425
40431
40435
40436
40468
40469
40471
40476
40478
40511
40534
40538
40547
40551
40557
40580
40585
40593
40595
40617
40623
40625
40626
40627
40633
40639
40645
40649
40653
40656
40662
40667
40669
40673
40681
40722
40723
40736
40757
40768
40769
40775
40783
40785
40786
40787
40796
40814
40819
40822
40837
40840
40842
40853
40880
40888
40899
40904
40907
40908
40918
40934
40936
40946
40955
40960
40979
40980
41000
41012
41022
41023
41029
41034
41035
41058
41063
41064
41083
41086
41087
41088
41099
41101
41112
41120
41121
41126
41140
41148
41149
41157
41180
41191
41208
41209
41210
41228
41233
41236
41251
41262
41278
41282
41298
41308
41313
41315
41326
41327
41332
41333
41349
41351
41370
41377
41397
41400
41401
41424
41433
41437
41444
41465
41478
41503
41506
41510
41518
41520
41531
41534
41544
41545
41554
41555
41560
41562
41563
41584
41590
41591
41604
41609
41610
41615
41621
41637
41639
41641
41648
41650
41652
41661
41664
41668
41669
41671
41679
41694
41696
41708
41718
41720
41734
41761
41783
41807
41809
41837
41841
41843
41844
41845
41853
41856
41859
41871
41880
41903
41909
41917
41952
41954
41957
41990
41994
