52
54
56
151
178
191
212
236
287
348
370
462
677
806
1018
1021
1080
1083
1084
1089
1095
1101
1106
1235
1469
1491
1504
1550
1619
1674
1755
1794
1801
1859
1875
1957
2013
2062
2105
2202
2251
2259
2431
2439
2557
2589
2652
2658
2724
2823
2830
2974
3427
3453
3501
3531
3539
3563
3770
3824
3866
4005
4062
4109
4679
4700
4744
4823
4837
4964
4984
5063
5103
5171
5176
5280
5304
5309
5330
5345
5349
5398
5434
5785
5923
5927
5971
5973
6042
6250
6401
6427
6490
6505
6518
6519
6626
6703
6736
6760
6762
6850
6861
6916
6921
7076
7144
7149
7219
7335
7387
7490
7503
7561
7695
7709
7751
7763
7782
7788
7845
7924
7969
8002
8076
8155
8235
8406
8407
8654
8711
8712
8713
8987
8988
9078
9163
9419
9515
9552
9585
9611
9613
9749
9842
9852
9936
9969
10076
10124
10146
10247
10259
10273
10399
10401
10410
10430
10447
10504
10625
10787
10802
10908
10909
10932
10979
10984
11056
11239
11363
11364
11374
11375
11376
11430
11478
11525
11777
11802
11804
11845
11951
12065
12226
12231
12246
12341
12410
12548
12672
12681
12682
12686
12734
12744
12756
12786
12796
12837
12974
13008
13083
13124
13143
13144
13170
13232
13253
13282
13399
13493
13575
13628
13734
13874
14004
14208
14239
14250
14550
14674
14756
14769
14801
14983
14997
15026
15089
15090
15096
15134
15428
15532
15707
15741
15790
15849
15892
15903
15992
16225
16290
16297
16312
16358
16385
16395
16400
16486
16633
16704
16719
16728
16748
16814
16842
16940
16971
17001
17032
17188
17215
17279
17336
17385
17546
17549
17624
17652
17922
18006
18129
18364
18379
18446
18478
18534
18542
18556
18618
18718
18778
18867
19171
19256
19271
19513
19556
19570
19611
19615
19620
19689
19780
19882
19947
20006
20200
20243
20294
20368
20485
20547
20553
20554
20582
20914
21009
21045
21204
21294
21321
21345
21371
21374
21546
21631
21680
21811
21982
22022
22205
22394
22425
22437
22438
22440
22535
22548
22715
22740
22778
22868
22897
22906
22923
23075
23244
23312
23330
23380
23457
23538
23626
23676
23724
23879
23944
23971
24047
24051
24172
24269
24271
24307
24409
24410
24515
24552
24643
24661
24665
24814
24913
24939
24941
25101
25149
25223
25249
25381
25410
25411
25495
25497
25499
25501
25502
25508
25646
25650
25697
25715
25740
25768
25845
25993
26027
26049
26254
26371
26381
26415
26431
26529
26531
26533
26597
26619
26748
26793
26797
26870
26915
26948
27028
27099
27220
27244
27265
27384
27465
27510
27576
27586
27661
27671
27708
27740
27764
27777
27955
28298
28383
28490
28587
28589
28598
28633
28755
28774
28813
28859
29090
29091
29216
29221
29247
29273
29302
29306
29438
29675
29679
29879
29965
29995
30001
30121
30155
30238
30297
30302
30350
30392
30676
30750
30777
30790
30814
30989
31047
31118
31122
31126
31227
31315
31477
31495
31642
31691
31869
31870
31919
32074
32177
32262
32300
32445
32556
32563
32567
32609
32622
32669
32824
32996
33173
33267
33344
33431
33437
33725
33753
33796
33897
34055
34157
34162
34177
34181
34255
34379
34394
34404
34408
34436
34448
34494
34613
34703
34715
34877
35049
35143
35250
35597
35634
35669
35699
35786
35804
35815
35834
35864
35887
35920
35935
35942
35950
35982
35992
36038
36187
36196
36251
36330
36377
36390
36448
36468
36472
36570
36573
36669
36766
36770
36915
37054
37090
37103
37238
37383
37449
37503
37504
37512
37550
37646
37647
37706
37710
37894
37976
38042
38175
38326
38434
38468
38476
38504
38567
38660
38690
38819
38845
38869
38888
38889
39195
39205
39315
39628
39678
39683
39761
39763
39854
39974
40217
40231
40243
40403
40599
40676
40677
40909
40935
40953
40961
41037
41104
41221
41246
41378
41403
41441
41796
41815
41829
41839
