22
84
118
224
318
397
585
628
811
816
837
860
869
906
936
966
1183
1352
1418
1432
1437
1573
1652
1660
1800
1831
1897
1915
1926
1979
2048
2099
2164
2316
2351
2464
2515
2525
2536
2537
2553
2571
2597
2671
2693
2803
2899
2926
3001
3025
3033
3099
3231
3241
3260
3268
3437
3467
3495
3498
3557
3757
3785
3851
4002
4155
4164
4204
4218
4252
4316
4342
4363
4427
4806
4814
4870
4903
4982
4991
5100
5266
5445
5475
5726
5727
5780
5873
5888
5891
5917
5940
6034
6111
6166
6204
6206
6315
6389
6429
6436
6543
6590
6696
6723
6766
6815
6840
7112
7129
7421
7426
7445
7528
7548
7700
7745
7909
7972
8004
8033
8121
8248
8308
8372
8755
8830
8837
9027
9132
9164
9180
9224
9290
9441
9456
9465
9521
9549
9558
9570
9576
9622
9673
9681
9685
9699
9757
9824
9857
9935
9978
10043
10088
10237
10260
10266
10306
10329
10440
10572
10617
10652
10661
10705
10714
10898
10941
10994
11006
11008
11035
11075
11086
11105
11259
11327
11350
11385
11417
11460
11492
11576
11752
11754
11909
12068
12076
12354
12425
12439
12475
12581
12619
12819
12875
12892
12897
12900
12902
12905
12957
12959
12994
13210
13423
13433
13460
13473
13513
13729
13731
13785
13821
13867
14036
14047
14097
14171
14241
14403
14417
14444
14456
14490
14523
14585
14609
14637
14662
14726
14737
14837
14842
14889
14939
14978
14988
15043
15069
15196
15273
15341
15359
15363
15400
15430
15465
15516
15610
15755
15829
15879
15884
15913
15927
16070
16094
16123
16224
16228
16257
16267
16355
16481
16493
16578
16615
16652
16770
16867
16924
17057
17074
17209
17228
17234
17263
17264
17286
17485
17503
17554
17648
17721
17739
17908
17967
17990
18010
18154
18156
18232
18338
18341
18370
18388
18480
18663
18802
18807
18865
19043
19143
19278
19281
19316
19439
19552
19642
19668
19707
19709
19789
19897
19972
20020
20128
20358
20367
20371
20392
20437
20567
20677
20893
20899
20901
21035
21061
21137
21173
21206
21412
21441
21442
21549
21674
21681
21775
21784
21822
21854
21879
21928
21955
22118
22177
22215
22216
22248
22368
22397
22435
22439
22526
22528
22566
22643
22728
22770
22799
22947
23000
23016
23034
23129
23134
23267
23302
23310
23335
23355
23476
23566
23616
23617
23698
23801
23807
23834
23934
23983
24004
24007
24233
24258
24298
24343
24349
24375
24422
24465
24584
24607
24629
24799
24900
25004
25055
25067
25108
25112
25130
25170
25172
25216
25271
25326
25384
25510
25599
25608
25767
25834
25862
25976
26038
26053
26119
26157
26175
26227
26252
26265
26284
26290
26325
26392
26567
26568
26575
26625
26765
26789
26847
26848
26980
27085
27105
27106
27146
27192
27218
27237
27278
27393
27517
27534
27545
27595
27601
27619
27782
27928
27992
28114
28118
28326
28417
28495
28508
28566
28574
28577
28667
28716
28902
28910
28940
28942
29270
29388
29623
29666
29829
29933
29936
30002
30034
30062
30115
30169
30245
30289
30349
30390
30400
30430
30439
30471
30577
30656
30744
30765
31006
31022
31121
31135
31158
31299
31309
31323
31324
31327
31476
31584
31586
31695
31725
31800
31902
31965
31966
31992
32031
32042
32077
32112
32127
32132
32159
32166
32246
32348
32361
32410
32466
32552
32580
32744
32868
32967
33011
33049
33240
33420
33535
33560
33672
33746
33805
33927
33957
34008
34025
34080
34093
34117
34144
34223
34292
34299
34322
34354
34356
34449
34515
34557
34584
34651
34718
34740
34913
35104
35246
35433
35436
35449
35461
35480
35491
35568
35590
35740
35791
35816
35928
35972
35975
36201
36285
36405
36417
36482
36652
36891
36913
36941
37036
37040
37049
37447
37485
37508
37750
37813
37853
37854
37856
37888
37910
38037
38197
38199
38224
38311
38345
38346
38361
38454
38509
38571
38618
38648
38700
38827
39176
39295
39329
39381
39534
39604
39615
39667
39748
39888
39970
39971
39985
40051
40258
40581
40604
40774
41030
41095
41144
41212
41382
41541
41608
41684
41713
41735
41803
41806
41813
41824
41901
41912
