59
684
1050
1160
4366
5709
7313
7388
8004
8464
9572
13205
13809
16553
16580
16673
19003
19736
21932
22102
23902
23960
24071
24680
26442
27667
28435
28607
29673
29675
30549
30784
31729
34366
35002
35151
35252
37614
37805
38408
38543
39042
39286
39692
40628
41070
42290
42854
43026
43049
43273
43677
43816
44558
44734
45008
45278
49397
49768
50588
51316
51687
52615
52887
53485
53565
54027
55994
56136
56281
56659
58763
60130
60392
60917
62960
62973
65464
65519
65651
66779
67897
68104
68852
68994
69786
70268
71122
71704
71734
72991
