845
846
1269
1747
1834
1858
1859
1983
1984
2498
2577
3789
4267
4268
4527
4589
4781
4977
5156
5444
5459
5476
5613
5615
5860
6149
6429
6505
6969
7439
7878
8048
8640
8689
8690
8785
9039
9579
10493
10580
10934
10959
11195
11460
12038
12173
12657
12894
13313
13315
13323
13436
13659
13674
13676
13695
13898
14441
14687
15092
15093
15278
15282
15329
15963
16961
16972
17268
17280
17282
18674
18905
18921
19049
19469
19633
19634
19637
19833
20185
20196
20373
20529
20769
21077
21135
21314
21409
22169
22346
