845
846
868
1269
1463
1696
1710
1747
1834
1854
1858
1859
1983
1984
2000
2039
2498
2577
3088
3122
3262
3572
3612
3789
3826
4057
4183
4202
4248
4267
4268
4527
4589
4752
4781
4977
4979
5003
5071
5156
5306
5444
5459
5476
5501
5567
5613
5614
5615
5619
5860
5979
5980
6129
6149
6160
6165
6429
6505
6583
6677
6770
6969
7439
7455
7574
7878
7909
8048
8053
8583
8640
8689
8690
8739
8785
9039
9171
9320
9579
9734
10493
10580
10934
10959
11195
11426
11432
11460
11624
11631
11846
12038
12173
12221
12514
12572
12607
12648
12657
12659
12667
12865
12894
12969
13313
13315
13323
13436
13659
13663
13674
13676
13688
13695
13897
13898
14201
14441
14686
14687
15092
15093
15278
15279
15282
15284
15329
15739
15796
15963
16186
16509
16589
16768
16961
16972
17164
17268
17280
17282
18002
18023
18176
18674
18905
18920
18921
19049
19050
19469
19633
19634
19637
19833
20185
20196
20304
20373
20529
20769
20997
21051
21077
21135
21314
21385
21404
21409
22007
22169
22346
