122
135
803
804
835
1248
1342
1562
1564
1614
2107
2170
2307
2383
2392
2684
2876
3469
3561
3573
3742
3972
4269
4663
4753
4874
4961
4988
5305
5465
5467
5616
5846
5847
5848
5961
6167
6168
7533
8437
8547
8742
8747
9183
9184
9323
9360
9408
9758
10150
10576
10579
10606
10613
10973
11362
11449
11462
11463
11769
11845
11918
12039
12041
12228
12246
12439
12882
13017
13156
13177
13178
13210
13295
13524
13952
14046
14094
14153
14187
14440
15281
15286
16133
16412
16644
16971
17163
17537
17574
17748
17794
18147
18252
18396
18566
18973
19638
19742
19743
19744
19870
19921
20386
20525
21282
