122
128
135
141
222
223
730
752
803
804
830
835
845
846
849
868
1102
1121
1216
1248
1269
1270
1409
1469
1524
1562
1564
1574
1614
1690
1691
1696
1710
1747
1780
1834
1854
1858
1859
1943
1953
1978
1983
1984
2000
2086
2107
2170
2337
2338
2392
2498
2518
2577
2582
2583
2605
2747
2819
2876
2916
3023
3068
3088
3105
3122
3262
3264
3298
3330
3405
3432
3469
3561
3572
3573
3585
3612
3668
3789
4057
4112
4202
4248
4267
4268
4269
4496
4527
4663
4752
4753
4761
4793
4874
4961
4977
4979
4988
5003
5286
5305
5407
5444
5459
5465
5467
5559
5573
5613
5614
5615
5616
5647
5674
5678
5718
5836
5846
5847
5848
5860
5961
5983
6103
6149
6160
6162
6167
6168
6429
6505
6616
6625
6642
6670
6677
6770
6804
6810
6813
6844
6967
6969
7439
7455
7492
7501
7878
7883
8048
8231
8312
8418
8437
8547
8583
8689
8690
8739
8742
8747
8785
9008
9039
9048
9049
9183
9184
9267
9320
9323
9360
9408
9492
9579
9687
9689
9703
9710
9734
9895
10056
10364
10493
10576
10579
10580
10606
10714
10763
10934
10959
10973
11010
11026
11195
11206
11287
11362
11426
11432
11449
11462
11463
11624
11631
11769
11836
11845
11860
11918
11986
12038
12039
12041
12115
12173
12221
12228
12351
12353
12354
12439
12440
12572
12607
12648
12659
12667
12853
12865
12882
12894
12906
13017
13039
13050
13085
13135
13177
13178
13230
13231
13287
13291
13295
13313
13315
13324
13436
13476
13501
13503
13524
13659
13667
13674
13676
13750
13898
13952
14046
14358
14440
14441
14459
14686
14687
14741
14757
15035
15092
15278
15281
15282
15285
15286
15329
15380
15723
15792
15796
15835
15933
15963
16022
16100
16412
16507
16509
16627
16768
16780
16799
16837
16842
16869
16874
16961
16971
17114
17163
17164
17268
17280
17282
17330
17537
17748
17942
17983
18002
18147
18181
18369
18566
18616
18674
18776
18879
18905
18921
18973
19049
19073
19469
19494
19633
19634
19637
19638
19738
19742
19743
19744
19833
19921
20185
20196
20304
20525
20529
20620
20636
20851
20997
21135
21282
21314
21372
21394
21631
22007
22196
22237
22346
22482
