141
222
223
730
752
830
849
1102
1469
1574
1691
1780
1953
2337
2338
2582
2605
2747
2916
3023
3068
3105
3264
3298
3330
3405
3432
3668
4761
4793
5286
5559
5674
5718
5836
5983
6103
6162
6625
6642
6670
6810
6967
7492
8231
8312
9048
9049
9492
9689
9703
9710
10056
10364
10763
11010
11026
11206
11287
11860
12351
12353
12354
12906
13039
13135
13230
13291
13476
13501
13503
14358
14741
14757
15380
15723
15835
15933
16100
16780
16799
16837
16842
16869
16874
17114
17330
17983
18181
18879
19073
19494
19738
21631
22196
