122
135
803
804
835
845
846
868
1248
1269
1562
1564
1614
1696
1710
1747
1834
1854
1858
1859
1983
1984
2000
2107
2170
2392
2498
2577
2876
3088
3122
3262
3469
3561
3572
3573
3612
3789
4057
4202
4248
4267
4268
4269
4527
4663
4752
4753
4874
4961
4977
4979
4988
5003
5305
5444
5459
5465
5467
5613
5614
5615
5616
5846
5847
5848
5860
5961
6149
6160
6167
6168
6429
6505
6677
6770
6969
7439
7455
7878
8048
8437
8547
8583
8689
8690
8739
8742
8747
8785
9039
9183
9184
9320
9323
9360
9408
9579
9734
10493
10576
10579
10580
10606
10934
10959
10973
11195
11362
11426
11432
11449
11462
11463
11624
11631
11769
11845
11918
12038
12039
12041
12173
12221
12228
12439
12572
12607
12648
12659
12667
12865
12882
12894
13017
13177
13178
13295
13313
13315
13436
13524
13659
13674
13676
13898
13952
14046
14440
14441
14686
14687
15092
15278
15281
15282
15286
15329
15796
15963
16412
16509
16768
16961
16971
17163
17164
17268
17280
17282
17537
17748
18002
18147
18566
18674
18905
18921
18973
19049
19469
19633
19634
19637
19638
19742
19743
19744
19833
19921
20185
20196
20304
20525
20529
20997
21135
21282
21314
22007
22346
