128
141
222
223
730
752
830
849
1102
1121
1216
1270
1409
1469
1524
1574
1690
1691
1780
1943
1953
1978
2086
2337
2338
2518
2582
2583
2605
2747
2819
2916
3023
3068
3105
3264
3298
3330
3405
3432
3585
3668
4112
4496
4761
4793
5286
5407
5559
5573
5647
5674
5678
5718
5836
5983
6103
6162
6616
6625
6642
6670
6804
6810
6813
6844
6967
7492
7501
7883
8231
8312
8418
9008
9048
9049
9267
9492
9687
9689
9703
9710
9895
10056
10364
10714
10763
11010
11026
11206
11287
11836
11860
11986
12115
12351
12353
12354
12440
12853
12906
13039
13050
13085
13135
13230
13231
13287
13291
13324
13476
13501
13503
13667
13750
14358
14459
14741
14757
15035
15285
15380
15723
15792
15835
15933
16022
16100
16507
16627
16780
16799
16837
16842
16869
16874
17114
17330
17942
17983
18181
18369
18616
18776
18879
19073
19494
19738
20620
20636
20851
21372
21394
21631
22196
22237
22482
