430
1327
1597
2380
2622
2758
2913
3748
3812
4524
5934
6409
6975
6987
7755
7881
8108
9099
9147
9173
9813
10132
10367
10731
11141
11771
12860
13312
13859
14023
14030
15052
17105
17311
17756
19351
19583
19654
20545
20812
20822
20854
21094
21176
21534
21657
21670
22570
22738
23900
24358
24507
24892
25980
26057
26129
26132
26427
26588
27897
28227
28294
28586
28723
30494
30496
30634
31176
31260
31411
32120
32127
32893
33093
33425
33925
34138
34249
35666
35906
35967
36051
36853
37098
38033
38037
38199
38236
38924
39349
40844
41363
41529
41607
41648
41914
41954
42195
42807
42933
43066
43104
43531
43808
44463
44903
45267
45731
45760
45978
46012
46279
46760
47393
47460
47711
47729
47860
48221
48821
49501
49727
49789
50456
50999
51460
51465
51878
52132
52911
52949
53687
53714
54354
54731
55783
