20
351
611
620
830
1846
1866
1968
2309
2793
2854
3581
3962
4738
5114
5234
5420
5544
6658
6802
6830
7323
7439
7512
7978
8066
8078
8280
8307
8369
8472
8914
9153
9271
9477
9771
9808
10761
10842
11072
11839
12199
12300
12326
12566
12602
12830
12963
13166
13738
14237
14634
14643
14807
14951
15069
15290
15721
15723
15922
15942
16306
16487
16983
17030
17128
17134
17161
17235
17435
17887
17941
18720
18994
19106
19337
19395
20244
20502
20825
20831
20832
21002
21005
21171
21616
21841
21853
22111
22226
22228
22251
22506
22734
23079
23340
23384
23446
23745
24366
24874
25326
25363
25383
25428
26000
27260
27436
27449
27928
28356
28554
28860
29110
29276
29341
29384
29404
29496
29707
29714
29792
30257
30891
31317
31699
31798
31873
32027
32058
32326
32800
32996
33482
33843
34314
34517
34526
34721
34813
35476
35543
35894
36468
36623
36689
36758
37322
37346
37595
37670
37724
37727
37786
38274
38357
38478
39149
39174
39644
39744
39779
39836
40009
40227
40363
40505
40717
40763
40853
40948
41044
41081
41266
41323
41345
42204
42735
42973
42976
43445
43522
43645
43744
43752
44094
44122
44396
44743
44825
44916
45059
45202
45434
45491
45641
45853
46152
46197
46738
47105
47142
47377
47378
47562
47735
48001
48331
48457
48579
48586
48696
48731
48941
49063
49074
49342
49696
49900
50142
50210
50338
50560
51491
51572
51632
51862
51881
51994
52181
52830
52972
53224
53667
53761
53998
54505
54935
55153
55204
55325
55565
55799
55847
