20
115
118
180
233
351
611
620
830
990
1320
1529
1846
1866
1909
1968
2195
2216
2309
2434
2612
2793
2854
3581
3881
3962
3992
4185
4738
4891
4900
5114
5234
5420
5544
5981
6080
6401
6598
6637
6658
6802
6830
6995
7120
7147
7289
7299
7323
7439
7512
7794
7855
7978
8066
8078
8280
8285
8307
8369
8379
8472
8807
8914
9153
9271
9477
9771
9808
10087
10136
10761
10842
11072
11243
11355
11381
11839
12061
12199
12300
12326
12349
12412
12437
12566
12602
12803
12830
12878
12963
13037
13166
13603
13631
13738
13824
14063
14237
14427
14634
14643
14785
14791
14807
14951
15069
15070
15097
15157
15290
15407
15721
15723
15922
15942
16102
16107
16116
16132
16138
16207
16306
16429
16487
16693
16728
16884
16983
17030
17128
17134
17161
17235
17432
17435
17445
17887
17889
17941
18205
18442
18720
18960
18994
18999
19106
19207
19337
19395
19464
19573
19988
20006
20244
20502
20825
20831
20832
21002
21005
21171
21523
21616
21841
21853
22111
22123
22226
22228
22250
22251
22327
22506
22633
22734
22745
23079
23191
23340
23384
23446
23572
23600
23745
23761
23964
24075
24086
24366
24764
24814
24862
24874
25208
25326
25336
25363
25383
25428
25976
25999
26000
26447
26449
26457
26559
26681
26719
26810
27164
27237
27260
27436
27449
27521
27928
28356
28554
28599
28860
28975
29110
29155
29200
29276
29341
29384
29404
29439
29496
29707
29714
29792
29812
30257
30293
30711
30891
30958
31222
31225
31317
31699
31798
31822
31873
32025
32027
32058
32119
32326
32726
32800
32837
32903
32996
33217
33232
33286
33327
33474
33482
33545
33571
33843
33853
34314
34371
34498
34517
34526
34543
34694
34721
34813
35310
35476
35506
35543
35655
35656
35894
35930
36468
36529
36623
36689
36692
36758
36872
36999
37020
37094
37322
37346
37389
37440
37595
37670
37724
37727
37786
37935
38094
38198
38274
38357
38478
38484
38664
38815
38962
39149
39174
39466
39501
39642
39644
39744
39760
39779
39836
39837
39973
40009
40040
40227
40317
40363
40454
40505
40717
40763
40764
40786
40816
40853
40875
40948
40968
41044
41081
41266
41323
41345
41642
42184
42190
42191
42204
42735
42973
42976
43287
43445
43522
43645
43673
43722
43744
43752
44094
44122
44328
44396
44467
44655
44743
44825
44858
44916
44946
44949
45059
45087
45202
45434
45491
45521
45641
45695
45853
46152
46197
46198
46199
46738
47100
47105
47142
47297
47377
47378
47410
47444
47490
47562
47631
47735
48001
48040
48331
48457
48486
48518
48527
48579
48586
48696
48731
48941
49063
49074
49079
49342
49696
49900
50031
50142
50210
50338
50364
50476
50560
50613
50730
50770
51363
51491
51572
51632
51691
51862
51881
51958
51994
52173
52181
52252
52628
52729
52830
52972
52996
53224
53535
53667
53760
53761
53998
54505
54935
54961
54980
55014
55153
55191
55204
55228
55325
55565
55799
55847
55949
