115
118
180
233
990
1320
1529
1909
2195
2216
2434
2612
3881
3992
4185
4891
4900
5981
6080
6401
6598
6637
6995
7120
7147
7289
7299
7794
7855
8285
8379
8807
10087
10136
11243
11355
11381
12061
12349
12412
12437
12803
12878
13037
13603
13631
13824
14063
14427
14785
14791
15070
15097
15157
15407
16102
16107
16116
16132
16138
16207
16429
16693
16728
16884
17432
17445
17889
18205
18442
18960
18999
19207
19464
19573
19988
20006
21523
22123
22250
22327
22633
22745
23191
23572
23600
23761
23964
24075
24086
24764
24814
24862
25208
25336
25976
25999
26447
26449
26457
26559
26681
26719
26810
27164
27237
27521
28599
28975
29155
29200
29439
29812
30293
30711
30958
31222
31225
31822
32025
32119
32726
32837
32903
33217
33232
33286
33327
33474
33545
33571
33853
34371
34498
34543
34694
35310
35506
35655
35656
35930
36529
36692
36872
36999
37020
37094
37389
37440
37935
38094
38198
38484
38664
38815
38962
39466
39501
39642
39760
39837
39973
40040
40317
40454
40764
40786
40816
40875
40968
41642
42184
42190
42191
43287
43673
43722
44328
44467
44655
44858
44946
44949
45087
45521
45695
46198
46199
47100
47297
47410
47444
47490
47631
48040
48486
48518
48527
49079
50031
50364
50476
50613
50730
50770
51363
51691
51958
52173
52252
52628
52729
52996
53535
53760
54961
54980
55014
55191
55228
55949
