78
221
621
1258
1804
1900
2495
2509
2592
2919
2944
3523
3814
4698
4907
5119
5233
5425
6616
7061
7294
7553
7630
7772
7998
8240
8255
8258
8665
9100
9328
9582
9961
10141
10402
10695
10697
10725
10797
11296
11936
12100
12499
12689
12690
14182
14455
14897
15076
15362
16193
16199
16375
16463
16706
17099
17125
17402
17602
18149
18577
18645
19534
20132
20139
21038
21054
21367
21569
21644
21745
21810
22143
22378
22547
22644
22789
23006
23062
23258
23447
24338
24982
25254
25535
26151
26294
27381
27525
27736
27824
28722
29350
29673
29785
30137
30244
30245
30246
30249
30606
30607
30609
30856
31024
31616
31729
31950
32049
32050
32052
32073
32143
33189
33308
33553
34224
34451
34922
35044
35144
35155
35256
35275
35298
35554
36036
36334
36389
36930
37039
37161
37162
37166
37243
37326
37721
37924
38020
38884
38887
39371
39461
39484
39631
39704
39705
39915
39930
40121
40123
40200
40201
40202
40381
40930
41346
41347
41719
42020
42384
42558
42990
43085
43860
44101
44391
44944
45145
45293
45427
45582
45835
46334
46817
47029
47085
47418
47515
47594
47800
47824
48192
48242
50673
50866
51717
51959
52058
52164
52170
52179
52705
52797
52837
53090
53784
53925
54046
54093
54204
54578
54679
55003
55208
55298
55346
55428
55800
55925
