115
118
990
1320
2216
2434
2612
3992
4185
5981
6401
6598
7120
7289
7299
7794
7855
10136
11243
11355
11381
12061
12878
13037
13603
14063
14427
14785
16138
16728
16884
17432
17889
18442
18999
19207
22633
23572
23600
23964
24075
24086
24764
24814
24862
25208
25976
25999
26681
26810
27164
27237
29155
30293
30711
30958
31822
32726
32903
33286
33327
33545
33853
34694
35310
36529
36692
36872
37094
37389
37440
38198
38664
38962
40040
40317
40786
40968
41642
42190
42191
43287
43673
43722
44328
44858
44946
44949
45087
45521
46198
46199
47100
47297
47410
47444
47490
47631
48486
48518
50476
50613
50730
51958
52173
52252
52628
52729
53760
55191
