12
97
443
1431
1603
1874
1935
2095
2138
2363
2608
3264
3720
3796
3889
4034
4576
4908
4983
5485
5751
5797
6297
6673
6816
6998
7161
7536
7598
8375
8617
8751
9035
9162
10105
10336
10756
10952
10997
11009
11090
11137
11203
11525
12223
12308
12493
12672
12834
13091
13440
13529
13625
13692
13821
13822
13877
14042
14117
14779
14847
15204
15698
16197
16399
17403
17556
17557
17710
18000
18419
18936
19146
19653
19920
20883
20915
21137
21677
22005
22091
22392
22737
22881
23098
23331
23364
23512
23687
24637
24756
25662
25754
25886
26196
26739
27020
27174
27221
27472
27620
27803
28347
28422
28474
28475
28558
29312
29374
29583
29664
29743
30294
30610
30679
30991
31039
31360
31383
31790
32365
32562
32919
33764
33930
34081
34399
34965
35293
35387
35844
36027
36683
37241
37244
37430
37478
37538
37590
38498
39632
39793
40279
40430
40718
41239
41288
41793
41904
42141
43135
44102
44228
45182
45251
45776
46029
46107
46212
46829
47127
47524
47832
47902
47906
48065
48066
48136
48368
48616
49750
49860
50084
50902
51265
51359
51551
51889
52163
52398
52469
52586
52606
52786
53983
54853
55099
55806
56024
