12
78
97
221
430
443
621
1258
1327
1431
1597
1603
1804
1874
1900
1935
2095
2138
2363
2380
2495
2509
2592
2608
2622
2758
2913
2919
2944
3264
3523
3720
3748
3796
3812
3814
3889
4034
4524
4576
4698
4907
4908
4983
5119
5233
5425
5485
5751
5797
5934
6297
6409
6616
6673
6816
6975
6987
6998
7061
7161
7294
7536
7553
7598
7630
7755
7772
7881
7998
8108
8240
8255
8258
8375
8617
8665
8751
9035
9099
9100
9147
9162
9173
9328
9582
9813
9961
10105
10132
10141
10336
10367
10402
10695
10697
10725
10731
10756
10797
10952
10997
11009
11090
11137
11141
11203
11296
11525
11771
11936
12100
12223
12308
12493
12499
12672
12689
12690
12834
12860
13091
13312
13440
13529
13625
13692
13821
13822
13859
13877
14023
14030
14042
14117
14182
14455
14779
14847
14897
15052
15076
15204
15362
15698
16193
16197
16199
16375
16399
16463
16706
17099
17105
17125
17311
17402
17403
17556
17557
17602
17710
17756
18000
18149
18419
18577
18645
18936
19146
19351
19534
19583
19653
19654
19920
20132
20139
20545
20812
20822
20854
20883
20915
21038
21054
21094
21137
21176
21367
21534
21569
21644
21657
21670
21677
21745
21810
22005
22091
22143
22378
22392
22547
22570
22644
22737
22738
22789
22881
23006
23062
23098
23258
23331
23364
23447
23512
23687
23900
24338
24358
24507
24637
24756
24892
24982
25254
25535
25662
25754
25886
25980
26057
26129
26132
26151
26196
26294
26427
26588
26739
27020
27174
27221
27381
27472
27525
27620
27736
27803
27824
27897
28227
28294
28347
28422
28474
28475
28558
28586
28722
28723
29312
29350
29374
29583
29664
29673
29743
29785
30137
30244
30245
30246
30249
30294
30494
30496
30606
30607
30609
30610
30634
30679
30856
30991
31024
31039
31176
31260
31360
31383
31411
31616
31729
31790
31950
32049
32050
32052
32073
32120
32127
32143
32365
32562
32893
32919
33093
33189
33308
33425
33553
33764
33925
33930
34081
34138
34224
34249
34399
34451
34922
34965
35044
35144
35155
35256
35275
35293
35298
35387
35554
35666
35844
35906
35967
36027
36036
36051
36334
36389
36683
36853
36930
37039
37098
37161
37162
37166
37241
37243
37244
37326
37430
37478
37538
37590
37721
37924
38020
38033
38037
38199
38236
38498
38884
38887
38924
39349
39371
39461
39484
39631
39632
39704
39705
39793
39915
39930
40121
40123
40200
40201
40202
40279
40381
40430
40718
40844
40930
41239
41288
41346
41347
41363
41529
41607
41648
41719
41793
41904
41914
41954
42020
42141
42195
42384
42558
42807
42933
42990
43066
43085
43104
43135
43531
43808
43860
44101
44102
44228
44391
44463
44903
44944
45145
45182
45251
45267
45293
45427
45582
45731
45760
45776
45835
45978
46012
46029
46107
46212
46279
46334
46760
46817
46829
47029
47085
47127
47393
47418
47460
47515
47524
47594
47711
47729
47800
47824
47832
47860
47902
47906
48065
48066
48136
48192
48221
48242
48368
48616
48821
49501
49727
49750
49789
49860
50084
50456
50673
50866
50902
50999
51265
51359
51460
51465
51551
51717
51878
51889
51959
52058
52132
52163
52164
52170
52179
52398
52469
52586
52606
52705
52786
52797
52837
52911
52949
53090
53687
53714
53784
53925
53983
54046
54093
54204
54354
54578
54679
54731
54853
55003
55099
55208
55298
55346
55428
55783
55800
55806
55925
56024
