180
233
1529
1909
2195
3881
4891
4900
6080
6637
6995
7147
8285
8379
8807
10087
12349
12412
12437
12803
13631
13824
14791
15070
15097
15157
15407
16102
16107
16116
16132
16207
16429
16693
17445
18205
18960
19464
19573
19988
20006
21523
22123
22250
22327
22745
23191
23761
25336
26447
26449
26457
26559
26719
27521
28599
28975
29200
29439
29812
31222
31225
32025
32119
32837
33217
33232
33474
33571
34371
34498
34543
35506
35655
35656
35930
36999
37020
37935
38094
38484
38815
39466
39501
39642
39760
39837
39973
40454
40764
40816
40875
42184
44467
44655
45695
48040
48527
49079
50031
50364
50770
51363
51691
52996
53535
54961
54980
55014
55228
55949
